:Data_list: 20130221_Gp_part_5m.txt
:Created: 2013 Feb 21 1116 UTC
# Prepared by the U.S. Dept. of Commerce, NOAA, Space Weather Prediction Center
# Please send comments and suggestions to SWPC.Webmaster@noaa.gov 
# 
# Label: P > 1 = Particles at >1 Mev
# Label: P > 5 = Particles at >5 Mev
# Label: P >10 = Particles at >10 Mev
# Label: P >30 = Particles at >30 Mev
# Label: P >50 = Particles at >50 Mev
# Label: P>100 = Particles at >100 Mev
# Label: E>0.8 = Electrons at >0.8 Mev
# Label: E>2.0 = Electrons at >2.0 Mev
# Label: E>4.0 = Electrons at >4.0 Mev
# Units: Particles = Protons/cm2-s-sr
# Units: Electrons = Electrons/cm2-s-sr
# Source: GOES-13
# Location: W075
# Missing data: -1.00e+05
#
#                      5-minute  GOES-13 Solar Particle and Electron Flux
#
#                 Modified Seconds
# UTC Date  Time   Julian  of the
# YR MO DA  HHMM    Day     Day     P > 1     P > 5     P >10     P >30     P >50     P>100     E>0.8     E>2.0     E>4.0
#-------------------------------------------------------------------------------------------------------------------------
2013 02 21  0000   56344      0   2.01e+00  3.33e-01  8.81e-02  5.19e-02  4.22e-02  2.19e-02  1.42e+03  9.55e+00 -1.00e+05
2013 02 21  0005   56344    300   7.38e-01  1.13e-01  8.69e-02  5.19e-02  4.22e-02  2.19e-02  1.43e+03  9.34e+00 -1.00e+05
2013 02 21  0010   56344    600   8.83e-01  1.27e-01  1.01e-01  6.63e-02  5.66e-02  3.63e-02  1.31e+03  8.42e+00 -1.00e+05
2013 02 21  0015   56344    900   5.87e-01  1.25e-01  8.89e-02  5.19e-02  4.22e-02  2.19e-02  1.26e+03  9.10e+00 -1.00e+05
2013 02 21  0020   56344   1200   9.39e-01  2.53e-01  1.10e-01  7.37e-02  6.40e-02  4.37e-02  1.26e+03  7.83e+00 -1.00e+05
2013 02 21  0025   56344   1500   1.05e+00  5.60e-01  3.05e-01  7.70e-02  6.72e-02  4.69e-02  1.13e+03  8.29e+00 -1.00e+05
2013 02 21  0030   56344   1800   6.08e-01  1.26e-01  9.69e-02  6.12e-02  5.15e-02  2.49e-02  1.15e+03  7.28e+00 -1.00e+05
2013 02 21  0035   56344   2100   6.67e-01  2.73e-01  2.47e-01  9.44e-02  5.18e-02  2.19e-02  1.06e+03  5.93e+00 -1.00e+05
2013 02 21  0040   56344   2400   9.15e-01  1.15e-01  8.89e-02  5.39e-02  4.42e-02  2.39e-02  9.67e+02  1.01e+01 -1.00e+05
2013 02 21  0045   56344   2700   6.91e-01  1.25e-01  8.89e-02  5.19e-02  4.22e-02  2.19e-02  6.06e+02  9.00e+00 -1.00e+05
2013 02 21  0050   56344   3000   1.33e+00  1.85e-01  1.32e-01  9.26e-02  8.28e-02  3.50e-02  5.59e+02  8.16e+00 -1.00e+05
2013 02 21  0055   56344   3300   6.31e-01  1.54e-01  1.29e-01  9.35e-02  8.38e-02  6.35e-02  5.78e+02  6.04e+00 -1.00e+05
2013 02 21  0100   56344   3600   1.10e+00  2.47e-01  1.63e-01  1.17e-01  7.37e-02  4.37e-02  5.56e+02  5.80e+00 -1.00e+05
2013 02 21  0105   56344   3900   7.74e-01  1.88e-01  1.62e-01  5.19e-02  4.22e-02  2.19e-02  5.69e+02  9.37e+00 -1.00e+05
2013 02 21  0110   56344   4200   7.70e-01  1.20e-01  9.39e-02  5.89e-02  4.91e-02  2.88e-02  6.43e+02  6.37e+00 -1.00e+05
2013 02 21  0115   56344   4500   1.11e+00  2.27e-01  1.43e-01  9.64e-02  6.14e-02  3.38e-02  7.63e+02  6.55e+00 -1.00e+05
2013 02 21  0120   56344   4800   7.83e-01  1.43e-01  1.17e-01  8.13e-02  4.88e-02  2.19e-02  9.32e+02  8.71e+00 -1.00e+05
2013 02 21  0125   56344   5100   5.75e-01  1.32e-01  1.06e-01  7.13e-02  6.15e-02  4.12e-02  1.12e+03  8.69e+00 -1.00e+05
2013 02 21  0130   56344   5400   6.22e-01  1.50e-01  1.24e-01  8.74e-02  4.84e-02  2.19e-02  1.07e+03  8.30e+00 -1.00e+05
2013 02 21  0135   56344   5700   6.61e-01  1.44e-01  1.18e-01  5.19e-02  4.22e-02  2.19e-02  1.00e+03  7.95e+00 -1.00e+05
2013 02 21  0140   56344   6000   9.82e-01  2.39e-01  1.19e-01  8.13e-02  4.88e-02  2.19e-02  1.03e+03  6.90e+00 -1.00e+05
2013 02 21  0145   56344   6300   6.13e-01  1.22e-01  9.64e-02  6.13e-02  5.16e-02  3.13e-02  1.03e+03  1.01e+01 -1.00e+05
2013 02 21  0150   56344   6600   6.58e-01  1.15e-01  8.89e-02  5.39e-02  4.42e-02  2.39e-02  1.01e+03  7.93e+00 -1.00e+05
2013 02 21  0155   56344   6900   6.37e-01  1.90e-01  1.64e-01  7.91e-02  6.71e-02  4.62e-02  1.01e+03  9.42e+00 -1.00e+05
2013 02 21  0200   56344   7200   3.90e-01  2.17e-01  1.34e-01  8.86e-02  7.88e-02  5.86e-02  8.65e+02  1.01e+01 -1.00e+05
2013 02 21  0205   56344   7500   6.37e-01  2.66e-01  1.59e-01  1.09e-01  8.17e-02  3.29e-02  7.29e+02  5.58e+00 -1.00e+05
2013 02 21  0210   56344   7800   3.37e-01  2.19e-01  1.94e-01  8.93e-02  7.32e-02  5.11e-02  6.65e+02  7.33e+00 -1.00e+05
2013 02 21  0215   56344   8100   3.74e-01  1.65e-01  1.40e-01  5.19e-02  4.22e-02  2.19e-02  5.82e+02  9.07e+00 -1.00e+05
2013 02 21  0220   56344   8400   1.40e-01  1.13e-01  8.69e-02  5.19e-02  4.22e-02  2.19e-02  5.58e+02  9.07e+00 -1.00e+05
2013 02 21  0225   56344   8700   3.46e-01  1.57e-01  1.31e-01  9.60e-02  8.63e-02  6.60e-02  4.98e+02  9.10e+00 -1.00e+05
2013 02 21  0230   56344   9000   3.01e-01  2.73e-01  2.48e-01  8.78e-02  5.03e-02  2.19e-02  3.93e+02  7.07e+00 -1.00e+05
2013 02 21  0235   56344   9300   2.13e-01  1.59e-01  1.34e-01  9.85e-02  8.88e-02  6.85e-02  4.27e+02  8.26e+00 -1.00e+05
2013 02 21  0240   56344   9600   3.12e-01  2.69e-01  1.92e-01  8.85e-02  6.98e-02  4.14e-02  4.86e+02  6.24e+00 -1.00e+05
2013 02 21  0245   56344   9900   1.56e-01  1.25e-01  8.89e-02  5.19e-02  4.22e-02  2.19e-02  4.56e+02  6.61e+00 -1.00e+05
2013 02 21  0250   56344  10200   2.09e-01  1.48e-01  1.13e-01  7.62e-02  6.65e-02  4.62e-02  4.28e+02  8.88e+00 -1.00e+05
2013 02 21  0255   56344  10500   6.64e-01  3.25e-01  1.39e-01  1.01e-01  6.06e-02  3.13e-02  3.73e+02  7.48e+00 -1.00e+05
2013 02 21  0300   56344  10800   3.98e-01  2.09e-01  1.73e-01  6.38e-02  5.41e-02  3.38e-02  3.71e+02  5.37e+00 -1.00e+05
2013 02 21  0305   56344  11100   3.30e-01  2.05e-01  1.79e-01  7.37e-02  6.40e-02  4.37e-02  3.94e+02  9.42e+00 -1.00e+05
2013 02 21  0310   56344  11400   2.15e-01  1.87e-01  1.62e-01  1.27e-01  1.17e-01  5.57e-02  3.76e+02  6.92e+00 -1.00e+05
2013 02 21  0315   56344  11700   1.99e-01  1.69e-01  1.35e-01  9.76e-02  7.70e-02  5.36e-02  3.92e+02  7.35e+00 -1.00e+05
2013 02 21  0320   56344  12000   3.84e-01  3.36e-01  2.42e-01  1.92e-01  1.18e-01  4.23e-02  3.59e+02  6.66e+00 -1.00e+05
2013 02 21  0325   56344  12300   2.44e-01  2.17e-01  1.91e-01  7.61e-02  4.92e-02  2.39e-02  3.65e+02  5.68e+00 -1.00e+05
2013 02 21  0330   56344  12600   1.40e-01  1.13e-01  8.69e-02  5.19e-02  4.22e-02  2.19e-02  3.65e+02  1.06e+01 -1.00e+05
2013 02 21  0335   56344  12900   1.40e-01  1.13e-01  8.69e-02  5.19e-02  4.22e-02  2.19e-02  3.69e+02  7.98e+00 -1.00e+05
2013 02 21  0340   56344  13200   2.90e-01  1.97e-01  1.72e-01  1.35e-01  8.76e-02  3.29e-02  3.61e+02  7.16e+00 -1.00e+05
2013 02 21  0345   56344  13500   2.97e-01  2.41e-01  1.20e-01  6.75e-02  5.78e-02  2.69e-02  3.22e+02  9.21e+00 -1.00e+05
2013 02 21  0350   56344  13800   2.67e-01  1.84e-01  8.87e-02  5.19e-02  4.22e-02  2.19e-02  4.55e+02  7.97e+00 -1.00e+05
2013 02 21  0355   56344  14100   4.73e-01  1.66e-01  1.32e-01  9.60e-02  8.63e-02  6.60e-02  4.60e+02  8.99e+00 -1.00e+05
2013 02 21  0400   56344  14400   1.78e-01  1.51e-01  1.25e-01  8.97e-02  7.25e-02  3.09e-02  4.58e+02  6.30e+00 -1.00e+05
2013 02 21  0405   56344  14700   2.41e-01  1.13e-01  8.69e-02  5.19e-02  4.22e-02  2.19e-02  4.74e+02  7.62e+00 -1.00e+05
2013 02 21  0410   56344  15000   3.23e-01  1.59e-01  1.34e-01  9.85e-02  8.88e-02  6.85e-02  4.24e+02  8.25e+00 -1.00e+05
2013 02 21  0415   56344  15300   2.77e-01  1.52e-01  1.26e-01  9.11e-02  8.13e-02  6.10e-02  3.87e+02  7.70e+00 -1.00e+05
2013 02 21  0420   56344  15600   3.68e-01  1.88e-01  1.62e-01  5.19e-02  4.22e-02  2.19e-02  3.68e+02  6.89e+00 -1.00e+05
2013 02 21  0425   56344  15900   3.11e-01  2.18e-01  1.92e-01  1.57e-01  1.35e-01  6.88e-02  3.49e+02  7.25e+00 -1.00e+05
2013 02 21  0430   56344  16200   4.44e-01  2.56e-01  1.30e-01  7.70e-02  6.72e-02  4.14e-02  3.48e+02  9.45e+00 -1.00e+05
2013 02 21  0435   56344  16500   5.13e-01  3.80e-01  1.75e-01  5.19e-02  4.22e-02  2.19e-02  3.19e+02  7.51e+00 -1.00e+05
2013 02 21  0440   56344  16800   4.23e-01  1.57e-01  1.32e-01  9.67e-02  8.70e-02  5.11e-02  3.35e+02  6.76e+00 -1.00e+05
2013 02 21  0445   56344  17100   2.06e-01  1.58e-01  1.33e-01  9.68e-02  6.44e-02  2.69e-02  3.36e+02  5.93e+00 -1.00e+05
2013 02 21  0450   56344  17400   1.50e-01  1.23e-01  9.69e-02  6.16e-02  4.44e-02  2.19e-02  3.59e+02  7.50e+00 -1.00e+05
2013 02 21  0455   56344  17700   3.30e-01  1.66e-01  1.40e-01  1.05e-01  9.54e-02  3.90e-02  3.46e+02  7.00e+00 -1.00e+05
2013 02 21  0500   56344  18000   2.28e-01  1.83e-01  9.77e-02  5.19e-02  4.22e-02  2.19e-02  2.08e+02  7.70e+00 -1.00e+05
2013 02 21  0505   56344  18300   2.19e-01  1.13e-01  8.69e-02  5.19e-02  4.22e-02  2.19e-02  2.41e+02  9.29e+00 -1.00e+05
2013 02 21  0510   56344  18600   3.37e-01  2.87e-01  1.85e-01  1.35e-01  9.24e-02  3.50e-02  2.28e+02  4.31e+00 -1.00e+05
2013 02 21  0515   56344  18900   3.01e-01  2.20e-01  1.25e-01  8.86e-02  7.88e-02  5.86e-02  2.86e+02  7.06e+00 -1.00e+05
2013 02 21  0520   56344  19200   1.64e-01  1.37e-01  1.11e-01  7.62e-02  6.65e-02  4.62e-02  2.98e+02  8.63e+00 -1.00e+05
2013 02 21  0525   56344  19500   1.99e-01  1.25e-01  9.88e-02  6.38e-02  5.41e-02  3.38e-02  3.14e+02  8.85e+00 -1.00e+05
2013 02 21  0530   56344  19800   1.40e-01  1.13e-01  8.69e-02  5.19e-02  4.22e-02  2.19e-02  2.93e+02  7.86e+00 -1.00e+05
2013 02 21  0535   56344  20100   2.13e-01  1.83e-01  1.48e-01  1.10e-01  7.22e-02  4.37e-02  3.19e+02  6.00e+00 -1.00e+05
2013 02 21  0540   56344  20400   2.69e-01  1.16e-01  9.02e-02  5.50e-02  4.29e-02  2.19e-02  3.03e+02  7.85e+00 -1.00e+05
2013 02 21  0545   56344  20700   6.24e-01  1.84e-01  8.87e-02  5.19e-02  4.22e-02  2.19e-02  3.44e+02  9.08e+00 -1.00e+05
2013 02 21  0550   56344  21000   1.77e-01  1.13e-01  8.69e-02  5.19e-02  4.22e-02  2.19e-02  3.58e+02  8.50e+00 -1.00e+05
2013 02 21  0555   56344  21300   5.01e-01  3.35e-01  1.73e-01  5.19e-02  4.22e-02  2.19e-02  3.61e+02  7.61e+00 -1.00e+05
2013 02 21  0600   56344  21600   3.46e-01  1.44e-01  1.18e-01  5.19e-02  4.22e-02  2.19e-02  3.39e+02  7.80e+00 -1.00e+05
2013 02 21  0605   56344  21900   3.69e-01  1.91e-01  1.65e-01  1.30e-01  1.20e-01  4.70e-02  3.96e+02  4.62e+00 -1.00e+05
2013 02 21  0610   56344  22200   1.89e-01  1.59e-01  1.25e-01  8.86e-02  7.88e-02  5.86e-02  4.68e+02  9.69e+00 -1.00e+05
2013 02 21  0615   56344  22500   4.77e-01  1.35e-01  1.09e-01  7.44e-02  6.46e-02  4.43e-02  5.30e+02  5.72e+00 -1.00e+05
2013 02 21  0620   56344  22800   3.99e-01  1.73e-01  1.47e-01  1.12e-01  9.74e-02  6.41e-02  5.68e+02  6.29e+00 -1.00e+05
2013 02 21  0625   56344  23100   5.00e-01  1.13e-01  8.69e-02  5.19e-02  4.22e-02  2.19e-02  5.53e+02  9.73e+00 -1.00e+05
2013 02 21  0630   56344  23400   8.16e-01  3.97e-01  2.53e-01  1.16e-01  1.06e-01  5.90e-02  5.93e+02  6.44e+00 -1.00e+05
2013 02 21  0635   56344  23700   4.36e-01  1.41e-01  1.15e-01  8.00e-02  7.03e-02  3.09e-02  6.57e+02  8.50e+00 -1.00e+05
2013 02 21  0640   56344  24000   4.45e-01  2.85e-01  2.51e-01  9.08e-02  5.33e-02  2.29e-02  6.47e+02  7.12e+00 -1.00e+05
2013 02 21  0645   56344  24300   2.52e-01  1.13e-01  8.69e-02  5.19e-02  4.22e-02  2.19e-02  6.16e+02  9.10e+00 -1.00e+05
2013 02 21  0650   56344  24600   4.32e-01  2.10e-01  1.84e-01  1.48e-01  1.00e-01  3.70e-02  6.17e+02  3.91e+00 -1.00e+05
2013 02 21  0655   56344  24900   2.79e-01  1.58e-01  1.33e-01  9.68e-02  6.44e-02  2.69e-02  6.21e+02  6.24e+00 -1.00e+05
2013 02 21  0700   56344  25200   2.73e-01  1.55e-01  1.30e-01  5.19e-02  4.22e-02  2.19e-02  6.09e+02  6.79e+00 -1.00e+05
2013 02 21  0705   56344  25500   2.65e-01  1.29e-01  9.21e-02  5.50e-02  4.29e-02  2.19e-02  6.41e+02  8.44e+00 -1.00e+05
2013 02 21  0710   56344  25800   7.22e-01  2.09e-01  8.86e-02  5.19e-02  4.22e-02  2.19e-02  6.49e+02  1.13e+01 -1.00e+05
2013 02 21  0715   56344  26100   3.33e-01  1.25e-01  8.89e-02  5.19e-02  4.22e-02  2.19e-02  7.02e+02  7.70e+00 -1.00e+05
2013 02 21  0720   56344  26400   3.89e-01  1.75e-01  1.50e-01  1.14e-01  1.02e-01  4.10e-02  7.40e+02  5.81e+00 -1.00e+05
2013 02 21  0725   56344  26700   3.99e-01  1.25e-01  8.89e-02  5.19e-02  4.22e-02  2.19e-02  7.89e+02  7.38e+00 -1.00e+05
2013 02 21  0730   56344  27000   3.99e-01  1.83e-01  9.77e-02  5.19e-02  4.22e-02  2.19e-02  7.49e+02  8.77e+00 -1.00e+05
2013 02 21  0735   56344  27300   5.67e-01  1.75e-01  1.43e-01  1.07e-01  9.68e-02  7.65e-02  8.09e+02  5.51e+00 -1.00e+05
2013 02 21  0740   56344  27600   1.33e+00  3.60e-01  9.75e-02  6.13e-02  5.16e-02  3.13e-02  8.08e+02  6.80e+00 -1.00e+05
2013 02 21  0745   56344  27900   5.24e-01  1.22e-01  9.64e-02  6.13e-02  5.16e-02  3.13e-02  8.01e+02  8.85e+00 -1.00e+05
2013 02 21  0750   56344  28200   5.21e-01  1.92e-01  1.07e-01  6.13e-02  5.16e-02  3.13e-02  8.56e+02  9.17e+00 -1.00e+05
2013 02 21  0755   56344  28500   7.28e-01  2.42e-01  1.04e-01  6.75e-02  5.78e-02  2.69e-02  9.28e+02  5.60e+00 -1.00e+05
2013 02 21  0800   56344  28800   1.45e+00  5.82e-01  2.05e-01  8.81e-02  6.65e-02  4.28e-02  1.04e+03  8.06e+00 -1.00e+05
2013 02 21  0805   56344  29100   6.06e-01  1.78e-01  1.42e-01  5.19e-02  4.22e-02  2.19e-02  1.09e+03  1.04e+01 -1.00e+05
2013 02 21  0810   56344  29400   5.43e-01  1.17e-01  9.14e-02  5.64e-02  4.67e-02  2.64e-02  1.18e+03  9.43e+00 -1.00e+05
2013 02 21  0815   56344  29700   1.09e+00  2.26e-01  1.05e-01  6.82e-02  4.58e-02  2.19e-02  1.27e+03  5.81e+00 -1.00e+05
2013 02 21  0820   56344  30000   9.19e-01  3.06e-01  1.49e-01  1.13e-01  1.03e-01  6.79e-02  1.33e+03  5.54e+00 -1.00e+05
2013 02 21  0825   56344  30300   5.00e-01  1.39e-01  1.14e-01  7.87e-02  6.89e-02  4.87e-02  1.39e+03  7.56e+00 -1.00e+05
2013 02 21  0830   56344  30600   5.08e-01  1.72e-01  1.46e-01  7.38e-02  6.40e-02  2.89e-02  1.48e+03  9.06e+00 -1.00e+05
2013 02 21  0835   56344  30900   3.69e-01  1.13e-01  8.69e-02  5.19e-02  4.22e-02  2.19e-02  1.55e+03  8.44e+00 -1.00e+05
2013 02 21  0840   56344  31200   9.64e-01  3.39e-01  1.51e-01  5.19e-02  4.22e-02  2.19e-02  1.61e+03  9.42e+00 -1.00e+05
2013 02 21  0845   56344  31500   5.49e-01  1.67e-01  1.41e-01  1.06e-01  9.62e-02  7.59e-02  1.65e+03  8.04e+00 -1.00e+05
2013 02 21  0850   56344  31800   3.53e-01  1.29e-01  1.04e-01  6.82e-02  4.58e-02  2.19e-02  1.71e+03  6.92e+00 -1.00e+05
2013 02 21  0855   56344  32100   1.08e+00  2.92e-01  1.27e-01  8.90e-02  4.84e-02  2.19e-02  1.75e+03  7.90e+00 -1.00e+05
2013 02 21  0900   56344  32400   6.61e-01  1.88e-01  1.62e-01  5.19e-02  4.22e-02  2.19e-02  1.79e+03  6.83e+00 -1.00e+05
2013 02 21  0905   56344  32700   9.37e-01  2.25e-01  1.40e-01  5.50e-02  4.29e-02  2.19e-02  1.83e+03  7.50e+00 -1.00e+05
2013 02 21  0910   56344  33000   4.78e-01  1.13e-01  8.69e-02  5.19e-02  4.22e-02  2.19e-02  1.84e+03  8.22e+00 -1.00e+05
2013 02 21  0915   56344  33300   8.95e-01  2.33e-01  1.15e-01  7.81e-02  6.83e-02  4.80e-02  1.81e+03  9.37e+00 -1.00e+05
2013 02 21  0920   56344  33600   5.79e-01  1.48e-01  1.23e-01  8.75e-02  7.09e-02  4.87e-02  1.82e+03  7.43e+00 -1.00e+05
2013 02 21  0925   56344  33900   8.00e-01  2.09e-01  8.86e-02  5.19e-02  4.22e-02  2.19e-02  1.86e+03  9.56e+00 -1.00e+05
2013 02 21  0930   56344  34200   4.20e-01  1.22e-01  9.64e-02  6.13e-02  5.16e-02  3.13e-02  1.90e+03  1.04e+01 -1.00e+05
2013 02 21  0935   56344  34500   5.44e-01  1.13e-01  8.69e-02  5.19e-02  4.22e-02  2.19e-02  1.92e+03  8.35e+00 -1.00e+05
2013 02 21  0940   56344  34800   7.29e-01  1.88e-01  1.62e-01  5.19e-02  4.22e-02  2.19e-02  2.01e+03  9.01e+00 -1.00e+05
2013 02 21  0945   56344  35100   1.23e+00  3.52e-01  1.89e-01  6.38e-02  5.41e-02  3.38e-02  2.10e+03  5.41e+00 -1.00e+05
2013 02 21  0950   56344  35400   6.45e-01  1.68e-01  1.42e-01  5.50e-02  4.52e-02  2.29e-02  2.08e+03  7.12e+00 -1.00e+05
2013 02 21  0955   56344  35700   8.69e-01  2.20e-01  1.25e-01  8.86e-02  7.88e-02  5.86e-02  2.19e+03  9.84e+00 -1.00e+05
2013 02 21  1000   56344  36000   1.47e+00  2.95e-01  8.83e-02  5.19e-02  4.22e-02  2.19e-02  2.23e+03  1.02e+01 -1.00e+05
2013 02 21  1005   56344  36300   7.39e-01  1.57e-01  1.20e-01  5.19e-02  4.22e-02  2.19e-02  2.31e+03  8.13e+00 -1.00e+05
2013 02 21  1010   56344  36600   6.84e-01  1.85e-01  1.59e-01  1.24e-01  1.14e-01  4.50e-02  2.42e+03  7.81e+00 -1.00e+05
2013 02 21  1015   56344  36900   7.21e-01  2.20e-01  1.95e-01  1.26e-01  1.16e-01  7.38e-02  2.44e+03  8.18e+00 -1.00e+05
2013 02 21  1020   56344  37200   4.81e-01  1.46e-01  1.21e-01  8.55e-02  7.44e-02  5.37e-02  2.43e+03  7.91e+00 -1.00e+05
2013 02 21  1025   56344  37500   5.88e-01  1.13e-01  8.69e-02  5.19e-02  4.22e-02  2.19e-02  2.54e+03  1.04e+01 -1.00e+05
2013 02 21  1030   56344  37800   8.13e-01  1.55e-01  1.30e-01  5.19e-02  4.22e-02  2.19e-02  2.70e+03  6.87e+00 -1.00e+05
2013 02 21  1035   56344  38100   6.31e-01  1.43e-01  1.17e-01  8.13e-02  4.88e-02  2.19e-02  2.72e+03  5.95e+00 -1.00e+05
2013 02 21  1040   56344  38400   6.49e-01  1.29e-01  1.04e-01  6.82e-02  4.58e-02  2.19e-02  2.75e+03  7.42e+00 -1.00e+05
2013 02 21  1045   56344  38700   6.46e-01  1.44e-01  1.18e-01  5.19e-02  4.22e-02  2.19e-02  2.75e+03  7.89e+00 -1.00e+05
2013 02 21  1050   56344  39000   8.54e-01  1.35e-01  9.89e-02  6.16e-02  4.44e-02  2.19e-02  2.76e+03  7.67e+00 -1.00e+05
2013 02 21  1055   56344  39300   6.64e-01  1.29e-01  1.04e-01  6.88e-02  5.90e-02  3.87e-02  2.81e+03  7.68e+00 -1.00e+05
2013 02 21  1100   56344  39600   6.10e-01  1.28e-01  1.03e-01  6.75e-02  5.78e-02  2.69e-02  2.90e+03  8.40e+00 -1.00e+05
2013 02 21  1105   56344  39900   7.34e-01  1.13e-01  8.69e-02  5.19e-02  4.22e-02  2.19e-02  2.92e+03  9.34e+00 -1.00e+05
2013 02 21  1110   56344  40200   7.97e-01  1.13e-01  8.69e-02  5.19e-02  4.22e-02  2.19e-02  2.98e+03  9.64e+00 -1.00e+05
