:Data_list: 20121113_Gp_part_5m.txt
:Created: 2012 Nov 14 0011 UTC
# Prepared by the U.S. Dept. of Commerce, NOAA, Space Weather Prediction Center
# Please send comments and suggestions to SWPC.Webmaster@noaa.gov 
# 
# Label: P > 1 = Particles at >1 Mev
# Label: P > 5 = Particles at >5 Mev
# Label: P >10 = Particles at >10 Mev
# Label: P >30 = Particles at >30 Mev
# Label: P >50 = Particles at >50 Mev
# Label: P>100 = Particles at >100 Mev
# Label: E>0.8 = Electrons at >0.8 Mev
# Label: E>2.0 = Electrons at >2.0 Mev
# Label: E>4.0 = Electrons at >4.0 Mev
# Units: Particles = Protons/cm2-s-sr
# Units: Electrons = Electrons/cm2-s-sr
# Source: GOES-13
# Location: W075
# Missing data: -1.00e+05
#
#                      5-minute  GOES-13 Solar Particle and Electron Flux
#
#                 Modified Seconds
# UTC Date  Time   Julian  of the
# YR MO DA  HHMM    Day     Day     P > 1     P > 5     P >10     P >30     P >50     P>100     E>0.8     E>2.0     E>4.0
#-------------------------------------------------------------------------------------------------------------------------
2012 11 13  0000   56244      0   4.16e+01  2.78e-01  9.99e-02  6.37e-02  5.25e-02  2.49e-02  1.02e+02  6.81e+00 -1.00e+05
2012 11 13  0005   56244    300   2.15e+01  2.13e-01  1.69e-01  5.30e-02  4.19e-02  2.15e-02  1.45e+02  1.05e+01 -1.00e+05
2012 11 13  0010   56244    600   2.64e+01  1.76e-01  1.31e-01  9.20e-02  5.07e-02  2.15e-02  1.07e+02  7.10e+00 -1.00e+05
2012 11 13  0015   56244    900   3.97e+01  3.21e-01  1.71e-01  8.27e-02  7.16e-02  3.19e-02  1.14e+02  6.81e+00 -1.00e+05
2012 11 13  0020   56244   1200   3.10e+01  1.78e-01  1.33e-01  9.50e-02  8.39e-02  3.50e-02  8.17e+01  8.06e+00 -1.00e+05
2012 11 13  0025   56244   1500   5.00e+01  2.50e-01  8.94e-02  5.30e-02  4.19e-02  2.15e-02  8.65e+01  7.43e+00 -1.00e+05
2012 11 13  0030   56244   1800   5.56e+01  3.86e-01  1.09e-01  7.24e-02  4.62e-02  2.15e-02  8.09e+01  7.20e+00 -1.00e+05
2012 11 13  0035   56244   2100   2.40e+01  1.71e-01  1.27e-01  8.87e-02  7.76e-02  3.30e-02  6.92e+01  6.22e+00 -1.00e+05
2012 11 13  0040   56244   2400   2.25e+01  1.59e-01  1.14e-01  7.62e-02  6.51e-02  2.89e-02  7.40e+01  8.25e+00 -1.00e+05
2012 11 13  0045   56244   2700   3.06e+01  3.07e-01  1.83e-01  5.30e-02  4.19e-02  2.15e-02  6.06e+01  8.35e+00 -1.00e+05
2012 11 13  0050   56244   3000   2.79e+01  2.66e-01  1.42e-01  5.30e-02  4.19e-02  2.15e-02  7.43e+01  8.32e+00 -1.00e+05
2012 11 13  0055   56244   3300   1.96e+01  1.52e-01  1.08e-01  6.99e-02  5.88e-02  2.69e-02  3.66e+01  5.00e+00 -1.00e+05
2012 11 13  0100   56244   3600   1.87e+01  1.36e-01  9.12e-02  5.30e-02  4.19e-02  2.15e-02  3.61e+01  7.48e+00 -1.00e+05
2012 11 13  0105   56244   3900   2.01e+01  2.30e-01  1.15e-01  6.37e-02  5.25e-02  2.49e-02  3.59e+01  6.80e+00 -1.00e+05
2012 11 13  0110   56244   4200   2.01e+01  3.84e-01  1.66e-01  9.63e-02  8.52e-02  6.48e-02  4.14e+01  6.71e+00 -1.00e+05
2012 11 13  0115   56244   4500   1.04e+01  1.72e-01  1.28e-01  5.30e-02  4.19e-02  2.15e-02  2.61e+01  7.71e+00 -1.00e+05
2012 11 13  0120   56244   4800   9.82e+00  1.47e-01  1.02e-01  6.41e-02  5.30e-02  3.26e-02  4.11e+01  7.26e+00 -1.00e+05
2012 11 13  0125   56244   5100   1.80e+01  3.19e-01  1.22e-01  8.60e-02  7.49e-02  4.47e-02  3.66e+01  6.34e+00 -1.00e+05
2012 11 13  0130   56244   5400   1.00e+01  1.39e-01  9.49e-02  5.67e-02  4.56e-02  2.52e-02  3.40e+01  6.42e+00 -1.00e+05
2012 11 13  0135   56244   5700   9.95e+00  2.67e-01  2.23e-01  1.08e-01  9.67e-02  3.99e-02  3.05e+01  4.64e+00 -1.00e+05
2012 11 13  0140   56244   6000   9.60e+00  1.36e-01  9.12e-02  5.30e-02  4.19e-02  2.15e-02  2.38e+01  8.03e+00 -1.00e+05
2012 11 13  0145   56244   6300   9.61e+00  2.27e-01  1.82e-01  6.58e-02  4.48e-02  2.15e-02  1.68e+01  4.64e+00 -1.00e+05
2012 11 13  0150   56244   6600   9.21e+00  2.14e-01  1.70e-01  5.42e-02  4.31e-02  2.27e-02  1.06e+01  7.45e+00 -1.00e+05
2012 11 13  0155   56244   6900   9.64e+00  2.07e-01  1.62e-01  6.37e-02  5.25e-02  2.49e-02  7.99e+00  6.35e+00 -1.00e+05
2012 11 13  0200   56244   7200   9.65e+00  1.67e-01  1.22e-01  8.40e-02  7.28e-02  5.24e-02  5.21e+00  7.57e+00 -1.00e+05
2012 11 13  0205   56244   7500   9.71e+00  1.82e-01  1.08e-01  6.41e-02  5.30e-02  3.26e-02  5.17e+00  6.64e+00 -1.00e+05
2012 11 13  0210   56244   7800   7.66e+00  1.36e-01  9.12e-02  5.30e-02  4.19e-02  2.15e-02  3.80e+00  4.98e+00 -1.00e+05
2012 11 13  0215   56244   8100   7.74e+00  1.72e-01  9.68e-02  5.30e-02  4.19e-02  2.15e-02  4.19e+00  6.93e+00 -1.00e+05
2012 11 13  0220   56244   8400   9.59e+00  3.20e-01  1.48e-01  8.55e-02  4.92e-02  2.15e-02  3.48e+00  6.45e+00 -1.00e+05
2012 11 13  0225   56244   8700   6.45e+00  1.69e-01  1.25e-01  8.65e-02  7.54e-02  2.26e-02  3.38e+00  4.47e+00 -1.00e+05
2012 11 13  0230   56244   9000   6.50e+00  2.07e-01  1.62e-01  6.01e-02  4.44e-02  2.27e-02  3.40e+00  6.94e+00 -1.00e+05
2012 11 13  0235   56244   9300   6.94e+00  2.26e-01  1.82e-01  6.91e-02  5.80e-02  3.76e-02  3.07e+00  5.40e+00 -1.00e+05
2012 11 13  0240   56244   9600   6.66e+00  2.34e-01  1.90e-01  7.90e-02  6.79e-02  4.75e-02  3.14e+00  7.21e+00 -1.00e+05
2012 11 13  0245   56244   9900   1.05e+01  4.42e-01  2.54e-01  1.03e-01  9.18e-02  4.34e-02  9.67e+00  5.56e+00 -1.00e+05
2012 11 13  0250   56244  10200   7.57e+00  1.81e-01  1.37e-01  9.88e-02  8.77e-02  6.73e-02  2.66e+01  1.07e+01 -1.00e+05
2012 11 13  0255   56244  10500   8.26e+00  2.50e-01  2.06e-01  7.24e-02  4.62e-02  2.15e-02  2.30e+01  6.62e+00 -1.00e+05
2012 11 13  0300   56244  10800   7.48e+00  2.48e-01  2.04e-01  8.10e-02  6.98e-02  4.94e-02  2.72e+01  6.67e+00 -1.00e+05
2012 11 13  0305   56244  11100   6.97e+00  1.37e-01  9.25e-02  5.42e-02  4.31e-02  2.27e-02  1.93e+01  7.64e+00 -1.00e+05
2012 11 13  0310   56244  11400   7.61e+00  1.36e-01  9.12e-02  5.30e-02  4.19e-02  2.15e-02  1.99e+01  8.10e+00 -1.00e+05
2012 11 13  0315   56244  11700   7.92e+00  1.62e-01  1.17e-01  7.90e-02  6.79e-02  4.75e-02  1.62e+01  1.08e+01 -1.00e+05
2012 11 13  0320   56244  12000   7.79e+00  2.07e-01  1.62e-01  7.65e-02  6.54e-02  4.50e-02  1.49e+01  4.80e+00 -1.00e+05
2012 11 13  0325   56244  12300   7.85e+00  1.78e-01  1.34e-01  5.92e-02  4.81e-02  2.77e-02  1.96e+01  8.29e+00 -1.00e+05
2012 11 13  0330   56244  12600   7.38e+00  2.18e-01  1.74e-01  5.92e-02  4.81e-02  2.77e-02  2.24e+01  8.48e+00 -1.00e+05
2012 11 13  0335   56244  12900   7.35e+00  2.34e-01  1.90e-01  9.39e-02  8.27e-02  6.23e-02  1.71e+01  5.79e+00 -1.00e+05
2012 11 13  0340   56244  13200   6.92e+00  2.13e-01  1.69e-01  5.30e-02  4.19e-02  2.15e-02  1.94e+01  7.02e+00 -1.00e+05
2012 11 13  0345   56244  13500   7.08e+00  1.84e-01  1.40e-01  1.01e-01  9.02e-02  3.70e-02  1.80e+01  5.67e+00 -1.00e+05
2012 11 13  0350   56244  13800   7.16e+00  2.26e-01  1.82e-01  6.91e-02  5.80e-02  3.76e-02  1.93e+01  8.62e+00 -1.00e+05
2012 11 13  0355   56244  14100   7.12e+00  1.36e-01  9.12e-02  5.30e-02  4.19e-02  2.15e-02  1.75e+01  8.34e+00 -1.00e+05
2012 11 13  0400   56244  14400   6.64e+00  1.71e-01  1.27e-01  8.89e-02  7.78e-02  5.74e-02  1.46e+01  6.90e+00 -1.00e+05
2012 11 13  0405   56244  14700   7.94e+00  1.62e-01  1.17e-01  7.90e-02  6.79e-02  4.75e-02  1.41e+01  5.22e+00 -1.00e+05
2012 11 13  0410   56244  15000   8.30e+00  2.13e-01  1.69e-01  5.30e-02  4.19e-02  2.15e-02  1.46e+01  6.83e+00 -1.00e+05
2012 11 13  0415   56244  15300   1.86e+01  2.71e-01  8.93e-02  5.30e-02  4.19e-02  2.15e-02  8.11e+00  6.55e+00 -1.00e+05
2012 11 13  0420   56244  15600   1.04e+01  1.36e-01  9.12e-02  5.30e-02  4.19e-02  2.15e-02  1.03e+01  6.41e+00 -1.00e+05
2012 11 13  0425   56244  15900   1.35e+01  3.07e-01  1.83e-01  5.30e-02  4.19e-02  2.15e-02  1.10e+01  6.16e+00 -1.00e+05
2012 11 13  0430   56244  16200   1.31e+01  2.29e-01  1.06e-01  5.30e-02  4.19e-02  2.15e-02  1.39e+01  8.02e+00 -1.00e+05
2012 11 13  0435   56244  16500   9.39e+00  1.36e-01  9.12e-02  5.30e-02  4.19e-02  2.15e-02  1.63e+01  8.03e+00 -1.00e+05
2012 11 13  0440   56244  16800   9.39e+00  1.97e-01  1.52e-01  1.14e-01  9.78e-02  3.90e-02  1.94e+01  4.85e+00 -1.00e+05
2012 11 13  0445   56244  17100   9.55e+00  1.53e-01  1.09e-01  7.09e-02  5.84e-02  3.76e-02  1.32e+01  5.53e+00 -1.00e+05
2012 11 13  0450   56244  17400   1.01e+01  1.84e-01  1.40e-01  5.30e-02  4.19e-02  2.15e-02  1.44e+01  7.49e+00 -1.00e+05
2012 11 13  0455   56244  17700   1.56e+01  3.44e-01  1.23e-01  5.30e-02  4.19e-02  2.15e-02  1.23e+01  5.38e+00 -1.00e+05
2012 11 13  0500   56244  18000   9.65e+00  1.72e-01  1.28e-01  5.30e-02  4.19e-02  2.15e-02  8.32e+00  7.21e+00 -1.00e+05
2012 11 13  0505   56244  18300   1.04e+01  1.36e-01  9.12e-02  5.30e-02  4.19e-02  2.15e-02  6.70e+00  7.58e+00 -1.00e+05
2012 11 13  0510   56244  18600   1.06e+01  1.57e-01  1.12e-01  7.41e-02  6.29e-02  4.25e-02  6.25e+00  6.54e+00 -1.00e+05
2012 11 13  0515   56244  18900   9.68e+00  1.36e-01  9.12e-02  5.30e-02  4.19e-02  2.15e-02  5.67e+00  7.26e+00 -1.00e+05
2012 11 13  0520   56244  19200   1.00e+01  2.40e-01  1.95e-01  8.64e-02  7.53e-02  5.49e-02  7.31e+00  8.65e+00 -1.00e+05
2012 11 13  0525   56244  19500   1.28e+01  2.50e-01  1.75e-01  5.30e-02  4.19e-02  2.15e-02  8.41e+00  7.28e+00 -1.00e+05
2012 11 13  0530   56244  19800   1.38e+01  2.31e-01  1.20e-01  6.99e-02  5.88e-02  2.69e-02  8.73e+00  4.86e+00 -1.00e+05
2012 11 13  0535   56244  20100   1.06e+01  1.49e-01  1.05e-01  6.66e-02  5.55e-02  3.51e-02  8.69e+00  6.05e+00 -1.00e+05
2012 11 13  0540   56244  20400   1.10e+01  2.13e-01  1.69e-01  5.30e-02  4.19e-02  2.15e-02  8.59e+00  7.16e+00 -1.00e+05
2012 11 13  0545   56244  20700   1.14e+01  2.13e-01  1.69e-01  5.30e-02  4.19e-02  2.15e-02  8.62e+00  6.90e+00 -1.00e+05
2012 11 13  0550   56244  21000   1.10e+01  1.78e-01  1.34e-01  5.92e-02  4.81e-02  2.77e-02  8.98e+00  8.16e+00 -1.00e+05
2012 11 13  0555   56244  21300   1.16e+01  1.36e-01  9.12e-02  5.30e-02  4.19e-02  2.15e-02  1.24e+01  6.58e+00 -1.00e+05
2012 11 13  0600   56244  21600   1.14e+01  1.36e-01  9.12e-02  5.30e-02  4.19e-02  2.15e-02  1.20e+01  7.37e+00 -1.00e+05
2012 11 13  0605   56244  21900   1.12e+01  1.36e-01  9.12e-02  5.30e-02  4.19e-02  2.15e-02  1.21e+01  6.70e+00 -1.00e+05
2012 11 13  0610   56244  22200   1.12e+01  1.42e-01  9.74e-02  5.92e-02  4.81e-02  2.77e-02  2.32e+01  6.46e+00 -1.00e+05
2012 11 13  0615   56244  22500   1.08e+01  2.65e-01  2.21e-01  9.50e-02  8.39e-02  3.50e-02  2.34e+01  7.60e+00 -1.00e+05
2012 11 13  0620   56244  22800   1.30e+01  1.72e-01  9.68e-02  5.30e-02  4.19e-02  2.15e-02  2.47e+01  8.86e+00 -1.00e+05
2012 11 13  0625   56244  23100   1.13e+01  1.36e-01  9.12e-02  5.30e-02  4.19e-02  2.15e-02  2.71e+01  6.70e+00 -1.00e+05
2012 11 13  0630   56244  23400   1.08e+01  1.36e-01  9.12e-02  5.30e-02  4.19e-02  2.15e-02  2.31e+01  9.00e+00 -1.00e+05
2012 11 13  0635   56244  23700   1.22e+01  1.72e-01  9.68e-02  5.30e-02  4.19e-02  2.15e-02  2.70e+01  9.40e+00 -1.00e+05
2012 11 13  0640   56244  24000   1.08e+01  1.37e-01  9.25e-02  5.42e-02  4.31e-02  2.27e-02  1.78e+01  9.11e+00 -1.00e+05
2012 11 13  0645   56244  24300   1.09e+01  1.36e-01  9.12e-02  5.30e-02  4.19e-02  2.15e-02  1.29e+01  6.00e+00 -1.00e+05
2012 11 13  0650   56244  24600   9.68e+00  2.20e-01  1.76e-01  6.91e-02  5.80e-02  3.76e-02  1.21e+01  8.80e+00 -1.00e+05
2012 11 13  0655   56244  24900   1.05e+01  1.42e-01  9.74e-02  5.92e-02  4.81e-02  2.77e-02  1.16e+01  6.93e+00 -1.00e+05
2012 11 13  0700   56244  25200   1.06e+01  2.40e-01  1.96e-01  7.89e-02  4.77e-02  2.15e-02  1.24e+01  5.95e+00 -1.00e+05
2012 11 13  0705   56244  25500   1.07e+01  1.69e-01  1.25e-01  8.64e-02  7.53e-02  5.49e-02  1.41e+01  8.85e+00 -1.00e+05
2012 11 13  0710   56244  25800   1.05e+01  2.17e-01  1.73e-01  1.02e-01  9.12e-02  6.34e-02  1.29e+01  5.71e+00 -1.00e+05
2012 11 13  0715   56244  26100   1.03e+01  1.36e-01  9.12e-02  5.30e-02  4.19e-02  2.15e-02  1.28e+01  5.91e+00 -1.00e+05
2012 11 13  0720   56244  26400   1.04e+01  1.36e-01  9.12e-02  5.30e-02  4.19e-02  2.15e-02  1.43e+01  9.75e+00 -1.00e+05
2012 11 13  0725   56244  26700   1.05e+01  1.36e-01  9.12e-02  5.30e-02  4.19e-02  2.15e-02  1.39e+01  1.03e+01 -1.00e+05
2012 11 13  0730   56244  27000   1.04e+01  1.49e-01  1.05e-01  6.66e-02  5.55e-02  3.51e-02  1.55e+01  8.33e+00 -1.00e+05
2012 11 13  0735   56244  27300   1.06e+01  1.36e-01  9.12e-02  5.30e-02  4.19e-02  2.15e-02  1.55e+01  8.26e+00 -1.00e+05
2012 11 13  0740   56244  27600   1.07e+01  2.23e-01  1.79e-01  9.02e-02  7.91e-02  2.80e-02  1.60e+01  3.63e+00 -1.00e+05
2012 11 13  0745   56244  27900   9.88e+00  1.62e-01  1.17e-01  7.90e-02  6.79e-02  4.75e-02  1.61e+01  8.24e+00 -1.00e+05
2012 11 13  0750   56244  28200   1.08e+01  1.36e-01  9.12e-02  5.30e-02  4.19e-02  2.15e-02  1.70e+01  9.98e+00 -1.00e+05
2012 11 13  0755   56244  28500   9.54e+00  2.09e-01  1.65e-01  1.26e-01  1.15e-01  4.50e-02  1.65e+01  5.63e+00 -1.00e+05
2012 11 13  0800   56244  28800   1.01e+01  2.11e-01  1.66e-01  5.74e-02  4.63e-02  2.29e-02  1.91e+01  5.79e+00 -1.00e+05
2012 11 13  0805   56244  29100   1.03e+01  1.79e-01  1.35e-01  9.63e-02  8.52e-02  6.48e-02  1.92e+01  7.21e+00 -1.00e+05
2012 11 13  0810   56244  29400   9.54e+00  1.36e-01  9.12e-02  5.30e-02  4.19e-02  2.15e-02  2.19e+01  5.86e+00 -1.00e+05
2012 11 13  0815   56244  29700   9.83e+00  1.85e-01  1.41e-01  6.66e-02  5.55e-02  3.51e-02  2.28e+01  6.90e+00 -1.00e+05
2012 11 13  0820   56244  30000   9.91e+00  2.21e-01  1.77e-01  6.58e-02  5.47e-02  3.31e-02  2.55e+01  4.51e+00 -1.00e+05
2012 11 13  0825   56244  30300   9.86e+00  1.90e-01  1.46e-01  1.08e-01  9.64e-02  3.90e-02  2.59e+01  5.56e+00 -1.00e+05
2012 11 13  0830   56244  30600   1.03e+01  1.42e-01  9.77e-02  5.93e-02  4.33e-02  2.15e-02  2.86e+01  7.88e+00 -1.00e+05
2012 11 13  0835   56244  30900   1.13e+01  2.26e-01  1.82e-01  6.91e-02  5.80e-02  3.76e-02  2.74e+01  6.08e+00 -1.00e+05
2012 11 13  0840   56244  31200   1.13e+01  1.62e-01  1.18e-01  7.89e-02  4.77e-02  2.15e-02  3.01e+01  5.65e+00 -1.00e+05
2012 11 13  0845   56244  31500   1.10e+01  1.36e-01  9.12e-02  5.30e-02  4.19e-02  2.15e-02  2.96e+01  6.80e+00 -1.00e+05
2012 11 13  0850   56244  31800   1.08e+01  1.36e-01  9.12e-02  5.30e-02  4.19e-02  2.15e-02  3.06e+01  7.11e+00 -1.00e+05
2012 11 13  0855   56244  32100   9.42e+00  1.71e-01  1.27e-01  8.87e-02  7.76e-02  3.30e-02  3.23e+01  6.51e+00 -1.00e+05
2012 11 13  0900   56244  32400   6.18e+00  1.72e-01  1.28e-01  5.30e-02  4.19e-02  2.15e-02  3.99e+01  6.16e+00 -1.00e+05
2012 11 13  0905   56244  32700   7.72e+00  1.74e-01  1.30e-01  9.14e-02  8.03e-02  5.99e-02  5.50e+01  7.48e+00 -1.00e+05
2012 11 13  0910   56244  33000   1.13e+01  2.79e-01  2.04e-01  6.58e-02  4.48e-02  2.15e-02  4.66e+01  5.48e+00 -1.00e+05
2012 11 13  0915   56244  33300   1.11e+01  1.36e-01  9.12e-02  5.30e-02  4.19e-02  2.15e-02  3.27e+01  4.85e+00 -1.00e+05
2012 11 13  0920   56244  33600   9.19e+00  1.58e-01  1.14e-01  7.56e-02  5.75e-02  3.51e-02  4.27e+01  7.49e+00 -1.00e+05
2012 11 13  0925   56244  33900   1.04e+01  3.44e-01  1.23e-01  5.30e-02  4.19e-02  2.15e-02  5.28e+01  8.44e+00 -1.00e+05
2012 11 13  0930   56244  34200   5.79e+00  1.54e-01  1.10e-01  7.16e-02  6.05e-02  4.01e-02  6.06e+01  8.89e+00 -1.00e+05
2012 11 13  0935   56244  34500   5.07e+00  1.36e-01  9.12e-02  5.30e-02  4.19e-02  2.15e-02  8.04e+01  6.35e+00 -1.00e+05
2012 11 13  0940   56244  34800   4.92e+00  2.19e-01  1.74e-01  1.01e-01  9.02e-02  6.98e-02  5.41e+01  6.50e+00 -1.00e+05
2012 11 13  0945   56244  35100   5.81e+00  1.36e-01  9.12e-02  5.30e-02  4.19e-02  2.15e-02  6.57e+01  9.72e+00 -1.00e+05
2012 11 13  0950   56244  35400   5.13e+00  1.36e-01  9.12e-02  5.30e-02  4.19e-02  2.15e-02  7.06e+01  6.62e+00 -1.00e+05
2012 11 13  0955   56244  35700   5.67e+00  1.63e-01  1.19e-01  8.05e-02  6.94e-02  4.90e-02  7.03e+01  7.31e+00 -1.00e+05
2012 11 13  1000   56244  36000   5.50e+00  2.13e-01  1.69e-01  5.30e-02  4.19e-02  2.15e-02  7.05e+01  5.38e+00 -1.00e+05
2012 11 13  1005   56244  36300   5.24e+00  1.36e-01  9.12e-02  5.30e-02  4.19e-02  2.15e-02  8.16e+01  7.35e+00 -1.00e+05
2012 11 13  1010   56244  36600   5.71e+00  1.36e-01  9.12e-02  5.30e-02  4.19e-02  2.15e-02  8.64e+01  7.99e+00 -1.00e+05
2012 11 13  1015   56244  36900   5.79e+00  1.46e-01  1.02e-01  6.37e-02  5.25e-02  2.49e-02  8.44e+01  6.08e+00 -1.00e+05
2012 11 13  1020   56244  37200   9.48e+00  3.44e-01  1.23e-01  5.30e-02  4.19e-02  2.15e-02  8.27e+01  7.84e+00 -1.00e+05
2012 11 13  1025   56244  37500   6.00e+00  1.37e-01  9.25e-02  5.42e-02  4.31e-02  2.27e-02  8.31e+01  6.31e+00 -1.00e+05
2012 11 13  1030   56244  37800   5.97e+00  1.36e-01  9.12e-02  5.30e-02  4.19e-02  2.15e-02  8.20e+01  7.39e+00 -1.00e+05
2012 11 13  1035   56244  38100   6.01e+00  1.87e-01  1.43e-01  6.91e-02  5.80e-02  3.76e-02  9.16e+01  7.15e+00 -1.00e+05
2012 11 13  1040   56244  38400   5.70e+00  1.36e-01  9.12e-02  5.30e-02  4.19e-02  2.15e-02  8.71e+01  8.47e+00 -1.00e+05
2012 11 13  1045   56244  38700   8.72e+00  3.93e-01  1.71e-01  5.30e-02  4.19e-02  2.15e-02  8.79e+01  5.87e+00 -1.00e+05
2012 11 13  1050   56244  39000   5.36e+00  1.52e-01  1.07e-01  6.91e-02  5.80e-02  3.76e-02  8.44e+01  7.02e+00 -1.00e+05
2012 11 13  1055   56244  39300   5.20e+00  1.46e-01  1.02e-01  6.37e-02  5.25e-02  2.49e-02  7.42e+01  6.30e+00 -1.00e+05
2012 11 13  1100   56244  39600   5.39e+00  2.16e-01  1.72e-01  1.33e-01  1.12e-01  4.30e-02  7.67e+01  5.35e+00 -1.00e+05
2012 11 13  1105   56244  39900   5.36e+00  1.36e-01  9.12e-02  5.30e-02  4.19e-02  2.15e-02  7.04e+01  8.08e+00 -1.00e+05
2012 11 13  1110   56244  40200   5.42e+00  2.13e-01  1.69e-01  5.30e-02  4.19e-02  2.15e-02  6.91e+01  5.87e+00 -1.00e+05
2012 11 13  1115   56244  40500   5.05e+00  1.36e-01  9.12e-02  5.30e-02  4.19e-02  2.15e-02  7.29e+01  6.44e+00 -1.00e+05
2012 11 13  1120   56244  40800   4.80e+00  1.36e-01  9.12e-02  5.30e-02  4.19e-02  2.15e-02  7.51e+01  9.18e+00 -1.00e+05
2012 11 13  1125   56244  41100   4.99e+00  2.10e-01  1.66e-01  6.91e-02  5.80e-02  3.76e-02  7.26e+01  4.82e+00 -1.00e+05
2012 11 13  1130   56244  41400   5.87e+00  1.72e-01  9.68e-02  5.30e-02  4.19e-02  2.15e-02  6.85e+01  6.71e+00 -1.00e+05
2012 11 13  1135   56244  41700   4.73e+00  2.14e-01  1.70e-01  5.42e-02  4.31e-02  2.27e-02  6.88e+01  5.64e+00 -1.00e+05
2012 11 13  1140   56244  42000   4.35e+00  2.13e-01  1.69e-01  5.30e-02  4.19e-02  2.15e-02  6.99e+01  5.57e+00 -1.00e+05
2012 11 13  1145   56244  42300   4.28e+00  1.84e-01  1.40e-01  1.01e-01  9.02e-02  3.70e-02  6.64e+01  5.94e+00 -1.00e+05
2012 11 13  1150   56244  42600   4.63e+00  1.36e-01  9.12e-02  5.30e-02  4.19e-02  2.15e-02  6.91e+01  4.16e+00 -1.00e+05
2012 11 13  1155   56244  42900   4.47e+00  1.36e-01  9.12e-02  5.30e-02  4.19e-02  2.15e-02  6.67e+01  6.93e+00 -1.00e+05
2012 11 13  1200   56244  43200   3.93e+00  1.36e-01  9.12e-02  5.30e-02  4.19e-02  2.15e-02  6.54e+01  7.84e+00 -1.00e+05
2012 11 13  1205   56244  43500   3.96e+00  1.59e-01  1.14e-01  7.62e-02  6.51e-02  2.89e-02  6.67e+01  4.23e+00 -1.00e+05
2012 11 13  1210   56244  43800   4.29e+00  1.85e-01  1.41e-01  6.66e-02  5.55e-02  3.51e-02  6.96e+01  8.54e+00 -1.00e+05
2012 11 13  1215   56244  44100   4.35e+00  1.62e-01  1.17e-01  7.90e-02  6.79e-02  4.75e-02  6.81e+01  6.15e+00 -1.00e+05
2012 11 13  1220   56244  44400   4.26e+00  1.46e-01  1.02e-01  6.37e-02  5.25e-02  2.49e-02  7.10e+01  6.51e+00 -1.00e+05
2012 11 13  1225   56244  44700   4.54e+00  1.36e-01  9.12e-02  5.30e-02  4.19e-02  2.15e-02  6.82e+01  7.64e+00 -1.00e+05
2012 11 13  1230   56244  45000   6.49e+00  3.44e-01  1.23e-01  5.30e-02  4.19e-02  2.15e-02  6.75e+01  6.98e+00 -1.00e+05
2012 11 13  1235   56244  45300   3.84e+00  1.36e-01  9.12e-02  5.30e-02  4.19e-02  2.15e-02  6.91e+01  8.00e+00 -1.00e+05
2012 11 13  1240   56244  45600   3.67e+00  1.65e-01  1.21e-01  8.25e-02  7.13e-02  3.10e-02  6.63e+01  4.73e+00 -1.00e+05
2012 11 13  1245   56244  45900   3.45e+00  1.46e-01  1.02e-01  6.37e-02  5.25e-02  2.49e-02  6.56e+01  7.78e+00 -1.00e+05
2012 11 13  1250   56244  46200   5.58e+00  3.67e-01  1.95e-01  5.67e-02  4.56e-02  2.52e-02  6.81e+01  6.66e+00 -1.00e+05
2012 11 13  1255   56244  46500   3.88e+00  1.99e-01  1.55e-01  7.62e-02  6.51e-02  2.89e-02  6.83e+01  3.20e+00 -1.00e+05
2012 11 13  1300   56244  46800   3.63e+00  1.36e-01  9.12e-02  5.30e-02  4.19e-02  2.15e-02  7.30e+01  9.12e+00 -1.00e+05
2012 11 13  1305   56244  47100   3.32e+00  1.36e-01  9.12e-02  5.30e-02  4.19e-02  2.15e-02  7.76e+01  8.79e+00 -1.00e+05
2012 11 13  1310   56244  47400   3.29e+00  2.13e-01  1.69e-01  5.30e-02  4.19e-02  2.15e-02  7.95e+01  8.78e+00 -1.00e+05
2012 11 13  1315   56244  47700   3.06e+00  1.36e-01  9.12e-02  5.30e-02  4.19e-02  2.15e-02  7.95e+01  6.98e+00 -1.00e+05
2012 11 13  1320   56244  48000   2.99e+00  1.36e-01  9.12e-02  5.30e-02  4.19e-02  2.15e-02  7.73e+01  7.52e+00 -1.00e+05
2012 11 13  1325   56244  48300   2.88e+00  2.03e-01  1.58e-01  1.20e-01  1.09e-01  4.30e-02  8.16e+01  4.71e+00 -1.00e+05
2012 11 13  1330   56244  48600   3.25e+00  1.36e-01  9.12e-02  5.30e-02  4.19e-02  2.15e-02  8.10e+01  8.50e+00 -1.00e+05
2012 11 13  1335   56244  48900   3.39e+00  1.56e-01  1.11e-01  7.24e-02  4.62e-02  2.15e-02  8.57e+01  7.19e+00 -1.00e+05
2012 11 13  1340   56244  49200   4.26e+00  1.36e-01  9.12e-02  5.30e-02  4.19e-02  2.15e-02  8.23e+01  6.26e+00 -1.00e+05
2012 11 13  1345   56244  49500   4.56e+00  1.36e-01  9.12e-02  5.30e-02  4.19e-02  2.15e-02  8.30e+01  6.89e+00 -1.00e+05
2012 11 13  1350   56244  49800   4.87e+00  1.54e-01  1.10e-01  7.16e-02  6.05e-02  4.01e-02  1.00e+02  6.96e+00 -1.00e+05
2012 11 13  1355   56244  50100   5.51e+00  1.36e-01  9.12e-02  5.30e-02  4.19e-02  2.15e-02  9.58e+01  8.05e+00 -1.00e+05
2012 11 13  1400   56244  50400   4.97e+00  1.36e-01  9.12e-02  5.30e-02  4.19e-02  2.15e-02  9.31e+01  7.68e+00 -1.00e+05
2012 11 13  1405   56244  50700   5.00e+00  1.36e-01  9.12e-02  5.30e-02  4.19e-02  2.15e-02  9.28e+01  5.34e+00 -1.00e+05
2012 11 13  1410   56244  51000   5.06e+00  1.36e-01  9.12e-02  5.30e-02  4.19e-02  2.15e-02  9.46e+01  7.61e+00 -1.00e+05
2012 11 13  1415   56244  51300   8.14e+00  3.44e-01  1.23e-01  5.30e-02  4.19e-02  2.15e-02  9.53e+01  5.95e+00 -1.00e+05
2012 11 13  1420   56244  51600   5.31e+00  1.36e-01  9.12e-02  5.30e-02  4.19e-02  2.15e-02  1.03e+02  7.74e+00 -1.00e+05
2012 11 13  1425   56244  51900   5.78e+00  1.40e-01  9.56e-02  5.74e-02  4.63e-02  2.29e-02  1.14e+02  7.95e+00 -1.00e+05
2012 11 13  1430   56244  52200   8.06e+00  2.29e-01  1.06e-01  5.30e-02  4.19e-02  2.15e-02  1.14e+02  8.23e+00 -1.00e+05
2012 11 13  1435   56244  52500   6.31e+00  1.72e-01  1.28e-01  5.30e-02  4.19e-02  2.15e-02  1.29e+02  5.70e+00 -1.00e+05
2012 11 13  1440   56244  52800   8.46e+00  1.36e-01  9.12e-02  5.30e-02  4.19e-02  2.15e-02  1.42e+02  6.66e+00 -1.00e+05
2012 11 13  1445   56244  53100   1.04e+01  1.36e-01  9.12e-02  5.30e-02  4.19e-02  2.15e-02  2.39e+02  6.86e+00 -1.00e+05
2012 11 13  1450   56244  53400   1.44e+01  1.72e-01  1.28e-01  5.30e-02  4.19e-02  2.15e-02  3.34e+02  8.10e+00 -1.00e+05
2012 11 13  1455   56244  53700   1.18e+01  1.96e-01  1.51e-01  5.42e-02  4.31e-02  2.27e-02  3.24e+02  9.59e+00 -1.00e+05
2012 11 13  1500   56244  54000   1.39e+01  1.36e-01  9.12e-02  5.30e-02  4.19e-02  2.15e-02  4.57e+02  8.08e+00 -1.00e+05
2012 11 13  1505   56244  54300   1.17e+01  1.46e-01  1.02e-01  6.37e-02  5.25e-02  2.49e-02  4.82e+02  7.73e+00 -1.00e+05
2012 11 13  1510   56244  54600   1.18e+01  1.36e-01  9.12e-02  5.30e-02  4.19e-02  2.15e-02  5.61e+02  1.37e+01 -1.00e+05
2012 11 13  1515   56244  54900   1.04e+01  1.72e-01  1.28e-01  5.30e-02  4.19e-02  2.15e-02  6.00e+02  1.03e+01 -1.00e+05
2012 11 13  1520   56244  55200   4.32e+00  1.36e-01  9.12e-02  5.30e-02  4.19e-02  2.15e-02  3.50e+02  9.03e+00 -1.00e+05
2012 11 13  1525   56244  55500   3.89e+00  1.36e-01  9.12e-02  5.30e-02  4.19e-02  2.15e-02  3.87e+02  8.49e+00 -1.00e+05
2012 11 13  1530   56244  55800   4.18e+00  1.36e-01  9.12e-02  5.30e-02  4.19e-02  2.15e-02  3.81e+02  8.94e+00 -1.00e+05
2012 11 13  1535   56244  56100   5.95e+00  1.36e-01  9.12e-02  5.30e-02  4.19e-02  2.15e-02  5.20e+02  9.61e+00 -1.00e+05
2012 11 13  1540   56244  56400   6.64e+00  1.36e-01  9.12e-02  5.30e-02  4.19e-02  2.15e-02  5.71e+02  8.85e+00 -1.00e+05
2012 11 13  1545   56244  56700   5.56e+00  1.36e-01  9.12e-02  5.30e-02  4.19e-02  2.15e-02  4.57e+02  1.02e+01 -1.00e+05
2012 11 13  1550   56244  57000   5.46e+00  1.76e-01  1.32e-01  9.39e-02  8.27e-02  6.23e-02  4.79e+02  8.84e+00 -1.00e+05
2012 11 13  1555   56244  57300   5.39e+00  1.36e-01  9.12e-02  5.30e-02  4.19e-02  2.15e-02  4.68e+02  9.70e+00 -1.00e+05
2012 11 13  1600   56244  57600   5.28e+00  2.13e-01  1.69e-01  5.30e-02  4.19e-02  2.15e-02  4.82e+02  8.26e+00 -1.00e+05
2012 11 13  1605   56244  57900   5.35e+00  1.52e-01  1.07e-01  6.91e-02  5.80e-02  3.76e-02  5.01e+02  6.73e+00 -1.00e+05
2012 11 13  1610   56244  58200   5.43e+00  1.36e-01  9.12e-02  5.30e-02  4.19e-02  2.15e-02  4.87e+02  9.87e+00 -1.00e+05
2012 11 13  1615   56244  58500   4.97e+00  1.36e-01  9.12e-02  5.30e-02  4.19e-02  2.15e-02  4.53e+02  8.60e+00 -1.00e+05
2012 11 13  1620   56244  58800   4.68e+00  1.72e-01  1.28e-01  5.30e-02  4.19e-02  2.15e-02  4.50e+02  1.18e+01 -1.00e+05
2012 11 13  1625   56244  59100   4.68e+00  1.59e-01  1.14e-01  7.62e-02  6.51e-02  2.89e-02  4.39e+02  5.72e+00 -1.00e+05
2012 11 13  1630   56244  59400   4.51e+00  1.36e-01  9.12e-02  5.30e-02  4.19e-02  2.15e-02  4.15e+02  9.41e+00 -1.00e+05
2012 11 13  1635   56244  59700   4.63e+00  1.72e-01  1.28e-01  5.30e-02  4.19e-02  2.15e-02  4.09e+02  8.15e+00 -1.00e+05
2012 11 13  1640   56244  60000   4.68e+00  1.36e-01  9.12e-02  5.30e-02  4.19e-02  2.15e-02  4.05e+02  9.89e+00 -1.00e+05
2012 11 13  1645   56244  60300   4.71e+00  1.72e-01  9.68e-02  5.30e-02  4.19e-02  2.15e-02  3.93e+02  9.41e+00 -1.00e+05
2012 11 13  1650   56244  60600   4.35e+00  1.52e-01  1.08e-01  6.99e-02  5.88e-02  2.69e-02  3.83e+02  6.03e+00 -1.00e+05
2012 11 13  1655   56244  60900   3.98e+00  2.22e-01  1.77e-01  5.30e-02  4.19e-02  2.15e-02  3.68e+02  5.72e+00 -1.00e+05
2012 11 13  1700   56244  61200   4.00e+00  1.36e-01  9.12e-02  5.30e-02  4.19e-02  2.15e-02  3.59e+02  1.02e+01 -1.00e+05
2012 11 13  1705   56244  61500   3.85e+00  1.36e-01  9.12e-02  5.30e-02  4.19e-02  2.15e-02  3.48e+02  7.90e+00 -1.00e+05
2012 11 13  1710   56244  61800   3.58e+00  1.36e-01  9.12e-02  5.30e-02  4.19e-02  2.15e-02  3.45e+02  8.08e+00 -1.00e+05
2012 11 13  1715   56244  62100   3.94e+00  1.48e-01  1.04e-01  6.55e-02  5.14e-02  3.01e-02  3.54e+02  6.88e+00 -1.00e+05
2012 11 13  1720   56244  62400   3.57e+00  1.36e-01  9.12e-02  5.30e-02  4.19e-02  2.15e-02  3.42e+02  6.08e+00 -1.00e+05
2012 11 13  1725   56244  62700   3.71e+00  1.59e-01  1.14e-01  7.62e-02  6.51e-02  2.89e-02  3.50e+02  7.87e+00 -1.00e+05
2012 11 13  1730   56244  63000   4.02e+00  1.78e-01  1.33e-01  9.50e-02  8.39e-02  3.50e-02  3.41e+02  5.21e+00 -1.00e+05
2012 11 13  1735   56244  63300   3.65e+00  1.62e-01  1.18e-01  7.89e-02  4.77e-02  2.15e-02  3.42e+02  6.69e+00 -1.00e+05
2012 11 13  1740   56244  63600   3.56e+00  1.36e-01  9.12e-02  5.30e-02  4.19e-02  2.15e-02  3.48e+02  6.63e+00 -1.00e+05
2012 11 13  1745   56244  63900   3.91e+00  1.36e-01  9.12e-02  5.30e-02  4.19e-02  2.15e-02  3.59e+02  6.96e+00 -1.00e+05
2012 11 13  1750   56244  64200   4.10e+00  1.36e-01  9.12e-02  5.30e-02  4.19e-02  2.15e-02  3.56e+02  7.66e+00 -1.00e+05
2012 11 13  1755   56244  64500   3.46e+00  1.36e-01  9.12e-02  5.30e-02  4.19e-02  2.15e-02  3.44e+02  9.36e+00 -1.00e+05
2012 11 13  1800   56244  64800   3.80e+00  1.36e-01  9.12e-02  5.30e-02  4.19e-02  2.15e-02  3.55e+02  6.64e+00 -1.00e+05
2012 11 13  1805   56244  65100   3.63e+00  2.13e-01  1.69e-01  5.30e-02  4.19e-02  2.15e-02  3.69e+02  5.60e+00 -1.00e+05
2012 11 13  1810   56244  65400   3.80e+00  1.42e-01  9.74e-02  5.92e-02  4.81e-02  2.77e-02  3.77e+02  7.24e+00 -1.00e+05
2012 11 13  1815   56244  65700   3.43e+00  1.36e-01  9.12e-02  5.30e-02  4.19e-02  2.15e-02  3.67e+02  8.54e+00 -1.00e+05
2012 11 13  1820   56244  66000   3.65e+00  1.94e-01  1.50e-01  5.30e-02  4.19e-02  2.15e-02  3.71e+02  8.58e+00 -1.00e+05
2012 11 13  1825   56244  66300   3.55e+00  1.72e-01  1.28e-01  5.30e-02  4.19e-02  2.15e-02  3.62e+02  8.82e+00 -1.00e+05
2012 11 13  1830   56244  66600   3.30e+00  1.60e-01  1.29e-01  8.95e-02  4.48e-02  2.04e-02  3.73e+02  6.83e+00 -1.00e+05
2012 11 13  1835   56244  66900   3.63e+00  1.44e-01  1.12e-01  4.82e-02  3.91e-02  2.04e-02  3.88e+02  8.12e+00 -1.00e+05
2012 11 13  1840   56244  67200   4.02e+00  2.28e-01  1.96e-01  7.93e-02  7.02e-02  5.15e-02  3.89e+02  6.46e+00 -1.00e+05
2012 11 13  1845   56244  67500   3.66e+00  1.86e-01  1.54e-01  4.82e-02  3.91e-02  2.04e-02  3.87e+02  1.02e+01 -1.00e+05
2012 11 13  1850   56244  67800   4.43e+00  2.55e-01  1.40e-01  8.69e-02  6.62e-02  4.41e-02  3.84e+02  8.13e+00 -1.00e+05
2012 11 13  1855   56244  68100   3.27e+00  1.31e-01  9.90e-02  6.18e-02  5.28e-02  2.48e-02  3.84e+02  8.40e+00 -1.00e+05
2012 11 13  1900   56244  68400   3.30e+00  1.87e-01  1.55e-01  5.13e-02  4.07e-02  2.08e-02  3.91e+02  8.55e+00 -1.00e+05
2012 11 13  1905   56244  68700   3.39e+00  1.74e-01  1.42e-01  1.04e-01  8.16e-02  5.90e-02  3.89e+02  7.68e+00 -1.00e+05
2012 11 13  1910   56244  69000   3.33e+00  1.55e-01  1.23e-01  4.82e-02  3.91e-02  2.04e-02  3.84e+02  1.06e+01 -1.00e+05
2012 11 13  1915   56244  69300   4.05e+00  1.87e-01  1.19e-01  4.82e-02  3.91e-02  2.04e-02  3.80e+02  8.34e+00 -1.00e+05
2012 11 13  1920   56244  69600   3.89e+00  1.98e-01  1.30e-01  4.82e-02  3.91e-02  2.04e-02  3.80e+02  1.12e+01 -1.00e+05
2012 11 13  1925   56244  69900   4.76e+00  1.99e-01  8.63e-02  4.82e-02  3.91e-02  2.04e-02  3.87e+02  8.27e+00 -1.00e+05
2012 11 13  1930   56244  70200   5.36e+00  2.78e-01  1.53e-01  9.94e-02  9.04e-02  3.69e-02  3.92e+02  7.69e+00 -1.00e+05
2012 11 13  1935   56244  70500   3.91e+00  1.90e-01  1.58e-01  5.30e-02  4.32e-02  2.43e-02  3.80e+02  6.15e+00 -1.00e+05
2012 11 13  1940   56244  70800   4.25e+00  1.17e-01  8.54e-02  4.82e-02  3.91e-02  2.04e-02  3.33e+02  9.14e+00 -1.00e+05
2012 11 13  1945   56244  71100   4.04e+00  2.08e-01  1.76e-01  1.39e-01  1.30e-01  5.73e-02  3.19e+02  5.29e+00 -1.00e+05
2012 11 13  1950   56244  71400   4.22e+00  1.17e-01  8.54e-02  4.82e-02  3.91e-02  2.04e-02  4.10e+02  7.65e+00 -1.00e+05
2012 11 13  1955   56244  71700   6.71e+00  2.86e-01  1.69e-01  4.82e-02  3.91e-02  2.04e-02  4.06e+02  7.45e+00 -1.00e+05
2012 11 13  2000   56244  72000   4.37e+00  1.26e-01  9.42e-02  5.67e-02  4.11e-02  2.04e-02  4.04e+02  6.18e+00 -1.00e+05
2012 11 13  2005   56244  72300   6.43e+00  1.60e-01  9.20e-02  4.82e-02  3.91e-02  2.04e-02  4.05e+02  7.72e+00 -1.00e+05
2012 11 13  2010   56244  72600   5.76e+00  1.99e-01  1.67e-01  1.06e-01  9.67e-02  3.89e-02  2.85e+02  6.80e+00 -1.00e+05
2012 11 13  2015   56244  72900   5.61e+00  2.14e-01  1.82e-01  7.80e-02  5.46e-02  3.17e-02  3.07e+02  6.55e+00 -1.00e+05
2012 11 13  2020   56244  73200   5.57e+00  1.17e-01  8.54e-02  4.82e-02  3.91e-02  2.04e-02  3.34e+02  7.55e+00 -1.00e+05
2012 11 13  2025   56244  73500   5.52e+00  1.53e-01  1.21e-01  8.30e-02  4.70e-02  2.04e-02  3.60e+02  6.17e+00 -1.00e+05
2012 11 13  2030   56244  73800   7.70e+00  2.86e-01  1.69e-01  4.82e-02  3.91e-02  2.04e-02  3.97e+02  8.61e+00 -1.00e+05
2012 11 13  2035   56244  74100   7.45e+00  2.47e-01  1.30e-01  7.64e-02  4.55e-02  2.04e-02  4.45e+02  6.72e+00 -1.00e+05
2012 11 13  2040   56244  74400   5.00e+00  1.69e-01  1.37e-01  6.35e-02  5.44e-02  3.13e-02  4.55e+02  8.34e+00 -1.00e+05
2012 11 13  2045   56244  74700   5.08e+00  1.97e-01  1.65e-01  6.19e-02  5.29e-02  3.42e-02  4.75e+02  8.38e+00 -1.00e+05
2012 11 13  2050   56244  75000   4.96e+00  1.17e-01  8.54e-02  4.82e-02  3.91e-02  2.04e-02  4.59e+02  7.17e+00 -1.00e+05
2012 11 13  2055   56244  75300   5.48e+00  1.45e-01  1.14e-01  7.64e-02  6.58e-02  2.89e-02  4.34e+02  7.24e+00 -1.00e+05
2012 11 13  2100   56244  75600   5.45e+00  2.01e-01  1.70e-01  6.33e-02  4.25e-02  2.04e-02  4.67e+02  6.84e+00 -1.00e+05
2012 11 13  2105   56244  75900   4.84e+00  1.17e-01  8.54e-02  4.82e-02  3.91e-02  2.04e-02  4.31e+02  8.74e+00 -1.00e+05
2012 11 13  2110   56244  76200   5.67e+00  2.76e-01  2.08e-01  7.64e-02  4.55e-02  2.04e-02  5.04e+02  6.55e+00 -1.00e+05
2012 11 13  2115   56244  76500   4.61e+00  1.60e-01  1.29e-01  8.95e-02  4.48e-02  2.04e-02  5.83e+02  4.52e+00 -1.00e+05
2012 11 13  2120   56244  76800   5.58e+00  1.60e-01  9.20e-02  4.82e-02  3.91e-02  2.04e-02  6.12e+02  9.17e+00 -1.00e+05
2012 11 13  2125   56244  77100   4.65e+00  1.46e-01  1.14e-01  7.67e-02  6.10e-02  2.68e-02  6.31e+02  6.00e+00 -1.00e+05
2012 11 13  2130   56244  77400   5.60e+00  1.88e-01  1.56e-01  5.02e-02  3.96e-02  2.04e-02  7.41e+02  7.79e+00 -1.00e+05
2012 11 13  2135   56244  77700   5.34e+00  1.46e-01  1.14e-01  7.68e-02  6.77e-02  4.91e-02  6.80e+02  1.05e+01 -1.00e+05
2012 11 13  2140   56244  78000   6.92e+00  1.98e-01  1.30e-01  4.82e-02  3.91e-02  2.04e-02  5.19e+02  9.68e+00 -1.00e+05
2012 11 13  2145   56244  78300   8.61e+00  3.52e-01  2.07e-01  9.91e-02  9.00e-02  7.14e-02  5.53e+02  6.90e+00 -1.00e+05
2012 11 13  2150   56244  78600   5.46e+00  1.40e-01  1.08e-01  6.99e-02  4.40e-02  2.04e-02  7.27e+02  7.58e+00 -1.00e+05
2012 11 13  2155   56244  78900   5.51e+00  1.61e-01  1.29e-01  9.16e-02  8.26e-02  6.39e-02  7.02e+02  6.81e+00 -1.00e+05
2012 11 13  2200   56244  79200   7.85e+00  2.18e-01  1.02e-01  4.93e-02  4.02e-02  2.08e-02  7.69e+02  5.16e+00 -1.00e+05
2012 11 13  2205   56244  79500   5.64e+00  2.33e-01  2.01e-01  7.64e-02  4.55e-02  2.04e-02  7.75e+02  7.86e+00 -1.00e+05
2012 11 13  2210   56244  79800   7.53e+00  2.07e-01  1.39e-01  9.41e-02  5.44e-02  2.68e-02  8.21e+02  6.79e+00 -1.00e+05
2012 11 13  2215   56244  80100   5.85e+00  1.73e-01  1.41e-01  6.72e-02  5.81e-02  3.94e-02  8.74e+02  9.23e+00 -1.00e+05
2012 11 13  2220   56244  80400   5.68e+00  1.31e-01  9.90e-02  6.18e-02  5.28e-02  2.48e-02  9.37e+02  6.76e+00 -1.00e+05
2012 11 13  2225   56244  80700   8.57e+00  1.99e-01  8.63e-02  4.82e-02  3.91e-02  2.04e-02  1.04e+03  1.08e+01 -1.00e+05
2012 11 13  2230   56244  81000   1.02e+01  3.83e-01  1.70e-01  4.82e-02  3.91e-02  2.04e-02  1.01e+03  9.12e+00 -1.00e+05
2012 11 13  2235   56244  81300   5.74e+00  1.25e-01  9.30e-02  5.58e-02  4.68e-02  2.38e-02  9.43e+02  8.67e+00 -1.00e+05
2012 11 13  2240   56244  81600   6.29e+00  1.86e-01  1.54e-01  4.82e-02  3.91e-02  2.04e-02  9.99e+02  8.00e+00 -1.00e+05
2012 11 13  2245   56244  81900   6.17e+00  1.53e-01  1.21e-01  8.42e-02  7.52e-02  5.65e-02  1.04e+03  7.63e+00 -1.00e+05
2012 11 13  2250   56244  82200   1.04e+01  3.29e-01  1.78e-01  5.67e-02  4.11e-02  2.04e-02  1.03e+03  9.93e+00 -1.00e+05
2012 11 13  2255   56244  82500   1.15e+01  2.78e-01  9.73e-02  5.94e-02  5.04e-02  3.17e-02  9.97e+02  8.20e+00 -1.00e+05
2012 11 13  2300   56244  82800   5.69e+00  1.40e-01  1.08e-01  6.99e-02  4.40e-02  2.04e-02  1.03e+03  8.43e+00 -1.00e+05
2012 11 13  2305   56244  83100   5.76e+00  1.19e-01  8.75e-02  5.02e-02  3.96e-02  2.04e-02  1.09e+03  7.64e+00 -1.00e+05
2012 11 13  2310   56244  83400   5.54e+00  1.17e-01  8.54e-02  4.82e-02  3.91e-02  2.04e-02  1.16e+03  8.59e+00 -1.00e+05
2012 11 13  2315   56244  83700   8.69e+00  3.11e-01  1.56e-01  6.18e-02  5.28e-02  2.48e-02  1.16e+03  6.34e+00 -1.00e+05
2012 11 13  2320   56244  84000   5.38e+00  1.91e-01  1.59e-01  7.43e-02  6.53e-02  4.66e-02  1.16e+03  6.17e+00 -1.00e+05
2012 11 13  2325   56244  84300   5.49e+00  1.25e-01  9.28e-02  5.55e-02  4.65e-02  2.28e-02  7.70e+02  7.45e+00 -1.00e+05
2012 11 13  2330   56244  84600   6.44e+00  2.00e-01  1.68e-01  5.67e-02  4.11e-02  2.04e-02  5.43e+02  8.17e+00 -1.00e+05
2012 11 13  2335   56244  84900   6.52e+00  1.44e-01  1.13e-01  7.50e-02  5.78e-02  3.67e-02  5.10e+02  7.32e+00 -1.00e+05
2012 11 13  2340   56244  85200   7.01e+00  1.17e-01  8.54e-02  4.82e-02  3.91e-02  2.04e-02  5.38e+02  8.59e+00 -1.00e+05
2012 11 13  2345   56244  85500   7.17e+00  1.94e-01  1.62e-01  8.87e-02  6.98e-02  3.54e-02  4.76e+02  5.63e+00 -1.00e+05
2012 11 13  2350   56244  85800   6.93e+00  1.40e-01  1.08e-01  6.99e-02  4.40e-02  2.04e-02  4.73e+02  7.18e+00 -1.00e+05
2012 11 13  2355   56244  86100   6.28e+00  1.19e-01  8.75e-02  5.02e-02  3.96e-02  2.04e-02  4.06e+02  7.85e+00 -1.00e+05
