:Data_list: 20130210_Gp_part_5m.txt
:Created: 2013 Feb 10 1941 UTC
# Prepared by the U.S. Dept. of Commerce, NOAA, Space Weather Prediction Center
# Please send comments and suggestions to SWPC.Webmaster@noaa.gov 
# 
# Label: P > 1 = Particles at >1 Mev
# Label: P > 5 = Particles at >5 Mev
# Label: P >10 = Particles at >10 Mev
# Label: P >30 = Particles at >30 Mev
# Label: P >50 = Particles at >50 Mev
# Label: P>100 = Particles at >100 Mev
# Label: E>0.8 = Electrons at >0.8 Mev
# Label: E>2.0 = Electrons at >2.0 Mev
# Label: E>4.0 = Electrons at >4.0 Mev
# Units: Particles = Protons/cm2-s-sr
# Units: Electrons = Electrons/cm2-s-sr
# Source: GOES-13
# Location: W075
# Missing data: -1.00e+05
#
#                      5-minute  GOES-13 Solar Particle and Electron Flux
#
#                 Modified Seconds
# UTC Date  Time   Julian  of the
# YR MO DA  HHMM    Day     Day     P > 1     P > 5     P >10     P >30     P >50     P>100     E>0.8     E>2.0     E>4.0
#-------------------------------------------------------------------------------------------------------------------------
2013 02 10  0000   56333      0   1.05e+01  4.77e-01  1.84e-01  5.15e-02  4.11e-02  2.13e-02  6.09e+03  1.24e+01 -1.00e+05
2013 02 10  0005   56333    300   1.15e+01  3.94e-01  1.50e-01  1.14e-01  1.03e-01  3.93e-02  5.92e+03  1.19e+01 -1.00e+05
2013 02 10  0010   56333    600   1.23e+01  6.95e-01  2.03e-01  9.70e-02  8.66e-02  3.59e-02  6.08e+03  1.09e+01 -1.00e+05
2013 02 10  0015   56333    900   1.34e+01  8.18e-01  1.83e-01  8.19e-02  7.16e-02  5.18e-02  5.87e+03  1.15e+01 -1.00e+05
2013 02 10  0020   56333   1200   1.14e+01  3.72e-01  1.05e-01  6.95e-02  5.92e-02  3.94e-02  5.83e+03  1.33e+01 -1.00e+05
2013 02 10  0025   56333   1500   1.23e+01  4.23e-01  8.71e-02  5.15e-02  4.11e-02  2.13e-02  5.81e+03  1.28e+01 -1.00e+05
2013 02 10  0030   56333   1800   9.78e+00  3.32e-01  1.23e-01  8.69e-02  7.65e-02  5.67e-02  5.56e+03  1.28e+01 -1.00e+05
2013 02 10  0035   56333   2100   9.09e+00  4.20e-01  1.84e-01  5.15e-02  4.11e-02  2.13e-02  5.52e+03  1.41e+01 -1.00e+05
2013 02 10  0040   56333   2400   1.04e+01  5.51e-01  1.56e-01  5.31e-02  4.27e-02  2.18e-02  5.50e+03  1.27e+01 -1.00e+05
2013 02 10  0045   56333   2700   1.26e+01  8.89e-01  2.24e-01  9.43e-02  8.40e-02  6.42e-02  5.35e+03  1.41e+01 -1.00e+05
2013 02 10  0050   56333   3000   9.65e+00  5.37e-01  1.91e-01  5.98e-02  4.55e-02  2.45e-02  5.33e+03  1.18e+01 -1.00e+05
2013 02 10  0055   56333   3300   1.17e+01  3.72e-01  8.73e-02  5.15e-02  4.11e-02  2.13e-02  5.13e+03  1.06e+01 -1.00e+05
2013 02 10  0100   56333   3600   1.26e+01  3.75e-01  8.83e-02  5.15e-02  4.11e-02  2.13e-02  4.80e+03  1.41e+01 -1.00e+05
2013 02 10  0105   56333   3900   1.38e+01  7.95e-01  1.56e-01  5.31e-02  4.27e-02  2.18e-02  4.86e+03  1.14e+01 -1.00e+05
2013 02 10  0110   56333   4200   1.50e+01  5.17e-01  8.68e-02  5.15e-02  4.11e-02  2.13e-02  4.40e+03  1.23e+01 -1.00e+05
2013 02 10  0115   56333   4500   1.25e+01  4.58e-01  1.23e-01  8.58e-02  4.68e-02  2.13e-02  4.17e+03  1.07e+01 -1.00e+05
2013 02 10  0120   56333   4800   1.32e+01  8.04e-01  2.11e-01  5.15e-02  4.11e-02  2.13e-02  4.19e+03  1.12e+01 -1.00e+05
2013 02 10  0125   56333   5100   1.18e+01  5.05e-01  1.86e-01  5.47e-02  4.43e-02  2.45e-02  3.76e+03  1.17e+01 -1.00e+05
2013 02 10  0130   56333   5400   1.39e+01  4.80e-01  1.13e-01  7.70e-02  6.66e-02  4.68e-02  3.61e+03  1.14e+01 -1.00e+05
2013 02 10  0135   56333   5700   1.43e+01  4.90e-01  8.79e-02  5.15e-02  4.11e-02  2.13e-02  3.81e+03  1.03e+01 -1.00e+05
2013 02 10  0140   56333   6000   1.29e+01  1.01e+00  2.60e-01  7.70e-02  6.66e-02  4.68e-02  3.75e+03  8.80e+00 -1.00e+05
2013 02 10  0145   56333   6300   1.60e+01  1.00e+00  1.88e-01  5.75e-02  4.25e-02  2.13e-02  3.43e+03  1.07e+01 -1.00e+05
2013 02 10  0150   56333   6600   1.15e+01  6.74e-01  2.14e-01  5.72e-02  4.68e-02  2.70e-02  3.43e+03  1.09e+01 -1.00e+05
2013 02 10  0155   56333   6900   1.31e+01  4.86e-01  8.69e-02  5.15e-02  4.11e-02  2.13e-02  3.60e+03  1.07e+01 -1.00e+05
2013 02 10  0200   56333   7200   1.22e+01  5.04e-01  1.84e-01  5.15e-02  4.11e-02  2.13e-02  3.26e+03  9.81e+00 -1.00e+05
2013 02 10  0205   56333   7500   1.53e+01  8.44e-01  2.03e-01  7.20e-02  6.17e-02  4.19e-02  3.19e+03  1.04e+01 -1.00e+05
2013 02 10  0210   56333   7800   1.38e+01  4.42e-01  8.81e-02  5.15e-02  4.11e-02  2.13e-02  3.37e+03  9.40e+00 -1.00e+05
2013 02 10  0215   56333   8100   1.73e+01  7.86e-01  8.63e-02  5.15e-02  4.11e-02  2.13e-02  3.28e+03  1.29e+01 -1.00e+05
2013 02 10  0220   56333   8400   1.44e+01  4.84e-01  9.99e-02  6.40e-02  4.39e-02  2.13e-02  3.01e+03  8.58e+00 -1.00e+05
2013 02 10  0225   56333   8700   1.46e+01  7.72e-01  1.56e-01  5.15e-02  4.11e-02  2.13e-02  2.90e+03  1.31e+01 -1.00e+05
2013 02 10  0230   56333   9000   1.35e+01  4.06e-01  8.72e-02  5.15e-02  4.11e-02  2.13e-02  2.79e+03  1.12e+01 -1.00e+05
2013 02 10  0235   56333   9300   1.51e+01  9.92e-01  1.84e-01  5.15e-02  4.11e-02  2.13e-02  2.91e+03  1.23e+01 -1.00e+05
2013 02 10  0240   56333   9600   1.35e+01  5.07e-01  1.07e-01  7.20e-02  6.17e-02  4.19e-02  2.92e+03  1.29e+01 -1.00e+05
2013 02 10  0245   56333   9900   1.52e+01  8.30e-01  1.89e-01  5.96e-02  4.93e-02  2.95e-02  2.87e+03  1.11e+01 -1.00e+05
2013 02 10  0250   56333  10200   1.46e+01  9.91e-01  2.51e-01  9.43e-02  8.40e-02  6.42e-02  2.77e+03  1.06e+01 -1.00e+05
2013 02 10  0255   56333  10500   1.49e+01  4.71e-01  1.27e-01  9.07e-02  7.06e-02  2.99e-02  2.64e+03  1.02e+01 -1.00e+05
2013 02 10  0300   56333  10800   1.73e+01  1.36e+00  4.55e-01  9.00e-02  4.68e-02  2.13e-02  2.52e+03  7.55e+00 -1.00e+05
2013 02 10  0305   56333  11100   1.53e+01  8.94e-01  2.36e-01  5.15e-02  4.11e-02  2.13e-02  2.46e+03  1.17e+01 -1.00e+05
2013 02 10  0310   56333  11400   1.60e+01  8.28e-01  2.39e-01  8.19e-02  7.16e-02  5.18e-02  2.13e+03  1.07e+01 -1.00e+05
2013 02 10  0315   56333  11700   1.95e+01  1.15e+00  2.04e-01  8.11e-02  7.08e-02  4.14e-02  2.07e+03  1.03e+01 -1.00e+05
2013 02 10  0320   56333  12000   2.05e+01  9.91e-01  1.95e-01  6.40e-02  4.39e-02  2.13e-02  2.05e+03  9.18e+00 -1.00e+05
2013 02 10  0325   56333  12300   2.04e+01  1.12e+00  2.23e-01  1.07e-01  5.74e-02  2.39e-02  1.94e+03  7.85e+00 -1.00e+05
2013 02 10  0330   56333  12600   1.63e+01  5.14e-01  1.01e-01  6.54e-02  5.03e-02  2.39e-02  1.82e+03  7.78e+00 -1.00e+05
2013 02 10  0335   56333  12900   1.67e+01  7.65e-01  1.76e-01  6.16e-02  4.78e-02  2.70e-02  1.71e+03  1.12e+01 -1.00e+05
2013 02 10  0340   56333  13200   1.67e+01  9.22e-01  2.35e-01  5.75e-02  4.25e-02  2.13e-02  1.64e+03  8.82e+00 -1.00e+05
2013 02 10  0345   56333  13500   1.77e+01  8.22e-01  1.56e-01  5.22e-02  4.18e-02  2.21e-02  1.56e+03  1.06e+01 -1.00e+05
2013 02 10  0350   56333  13800   2.07e+01  1.12e+00  1.81e-01  8.88e-02  7.84e-02  4.89e-02  1.58e+03  9.51e+00 -1.00e+05
2013 02 10  0355   56333  14100   1.71e+01  4.88e-01  1.05e-01  6.95e-02  5.92e-02  3.94e-02  1.56e+03  8.43e+00 -1.00e+05
2013 02 10  0400   56333  14400   1.70e+01  6.52e-01  1.83e-01  5.15e-02  4.11e-02  2.13e-02  1.43e+03  1.13e+01 -1.00e+05
2013 02 10  0405   56333  14700   2.23e+01  7.36e-01  1.69e-01  1.33e-01  9.06e-02  6.17e-02  1.32e+03  7.34e+00 -1.00e+05
2013 02 10  0410   56333  15000   2.24e+01  9.59e-01  1.82e-01  5.15e-02  4.11e-02  2.13e-02  1.29e+03  9.60e+00 -1.00e+05
2013 02 10  0415   56333  15300   1.73e+01  6.45e-01  2.26e-01  9.58e-02  5.74e-02  3.20e-02  1.27e+03  1.02e+01 -1.00e+05
2013 02 10  0420   56333  15600   1.73e+01  4.07e-01  8.79e-02  5.22e-02  4.18e-02  2.21e-02  1.43e+03  1.10e+01 -1.00e+05
2013 02 10  0425   56333  15900   1.99e+01  9.57e-01  2.17e-01  7.06e-02  4.54e-02  2.13e-02  1.47e+03  8.56e+00 -1.00e+05
2013 02 10  0430   56333  16200   1.81e+01  4.39e-01  8.71e-02  5.15e-02  4.11e-02  2.13e-02  1.39e+03  9.51e+00 -1.00e+05
2013 02 10  0435   56333  16500   1.91e+01  7.91e-01  1.81e-01  7.94e-02  6.91e-02  4.93e-02  1.34e+03  1.07e+01 -1.00e+05
2013 02 10  0440   56333  16800   1.89e+01  4.76e-01  9.27e-02  5.72e-02  4.68e-02  2.70e-02  1.34e+03  8.86e+00 -1.00e+05
2013 02 10  0445   56333  17100   1.60e+01  3.99e-01  9.79e-02  6.21e-02  5.18e-02  3.20e-02  1.40e+03  7.99e+00 -1.00e+05
2013 02 10  0450   56333  17400   2.15e+01  1.06e+00  1.78e-01  7.70e-02  6.66e-02  4.68e-02  1.30e+03  7.30e+00 -1.00e+05
2013 02 10  0455   56333  17700   1.80e+01  4.86e-01  1.03e-01  6.71e-02  5.67e-02  3.69e-02  1.32e+03  8.78e+00 -1.00e+05
2013 02 10  0500   56333  18000   1.68e+01  6.69e-01  2.09e-01  5.15e-02  4.11e-02  2.13e-02  1.46e+03  8.61e+00 -1.00e+05
2013 02 10  0505   56333  18300   1.99e+01  6.32e-01  2.04e-01  1.67e-01  1.22e-01  4.64e-02  1.72e+03  8.95e+00 -1.00e+05
2013 02 10  0510   56333  18600   1.99e+01  7.16e-01  1.25e-01  8.94e-02  7.26e-02  4.14e-02  2.17e+03  9.80e+00 -1.00e+05
2013 02 10  0515   56333  18900   1.45e+01  4.47e-01  9.52e-02  5.96e-02  4.93e-02  2.95e-02  2.12e+03  9.38e+00 -1.00e+05
2013 02 10  0520   56333  19200   1.80e+01  1.09e+00  1.87e-01  8.69e-02  7.65e-02  5.67e-02  2.05e+03  8.47e+00 -1.00e+05
2013 02 10  0525   56333  19500   1.84e+01  7.15e-01  1.06e-01  7.06e-02  4.54e-02  2.13e-02  2.04e+03  1.02e+01 -1.00e+05
2013 02 10  0530   56333  19800   1.65e+01  1.13e+00  2.54e-01  6.95e-02  5.92e-02  3.94e-02  2.02e+03  1.15e+01 -1.00e+05
2013 02 10  0535   56333  20100   1.29e+01  4.09e-01  9.04e-02  5.47e-02  4.43e-02  2.45e-02  2.04e+03  1.14e+01 -1.00e+05
2013 02 10  0540   56333  20400   1.32e+01  9.10e-01  2.25e-01  6.71e-02  5.67e-02  3.69e-02  1.76e+03  1.29e+01 -1.00e+05
2013 02 10  0545   56333  20700   1.29e+01  8.57e-01  1.85e-01  5.22e-02  4.18e-02  2.21e-02  1.87e+03  1.17e+01 -1.00e+05
2013 02 10  0550   56333  21000   9.85e+00  2.79e-01  8.93e-02  5.31e-02  4.27e-02  2.18e-02  1.87e+03  8.42e+00 -1.00e+05
2013 02 10  0555   56333  21300   1.21e+01  4.61e-01  1.10e-01  7.45e-02  6.41e-02  4.44e-02  1.86e+03  8.92e+00 -1.00e+05
2013 02 10  0600   56333  21600   1.14e+01  6.28e-01  1.83e-01  5.15e-02  4.11e-02  2.13e-02  1.96e+03  9.57e+00 -1.00e+05
2013 02 10  0605   56333  21900   1.22e+01  4.32e-01  9.43e-02  5.75e-02  4.25e-02  2.13e-02  1.96e+03  6.98e+00 -1.00e+05
2013 02 10  0610   56333  22200   1.33e+01  4.77e-01  9.48e-02  5.93e-02  4.90e-02  2.39e-02  1.95e+03  8.59e+00 -1.00e+05
2013 02 10  0615   56333  22500   1.37e+01  8.47e-01  1.55e-01  5.15e-02  4.11e-02  2.13e-02  1.86e+03  9.86e+00 -1.00e+05
2013 02 10  0620   56333  22800   1.50e+01  7.10e-01  1.54e-01  1.19e-01  1.08e-01  5.35e-02  1.80e+03  8.77e+00 -1.00e+05
2013 02 10  0625   56333  23100   1.53e+01  8.21e-01  2.11e-01  8.94e-02  7.90e-02  5.92e-02  1.85e+03  1.06e+01 -1.00e+05
2013 02 10  0630   56333  23400   1.21e+01  5.82e-01  1.56e-01  5.15e-02  4.11e-02  2.13e-02  1.72e+03  8.99e+00 -1.00e+05
2013 02 10  0635   56333  23700   1.29e+01  3.54e-01  8.73e-02  5.15e-02  4.11e-02  2.13e-02  1.71e+03  9.29e+00 -1.00e+05
2013 02 10  0640   56333  24000   1.17e+01  3.88e-01  1.23e-01  8.69e-02  7.65e-02  5.67e-02  1.60e+03  8.70e+00 -1.00e+05
2013 02 10  0645   56333  24300   1.26e+01  4.06e-01  8.72e-02  5.15e-02  4.11e-02  2.13e-02  1.60e+03  9.24e+00 -1.00e+05
2013 02 10  0650   56333  24600   1.12e+01  4.02e-01  1.96e-01  1.60e-01  1.31e-01  5.41e-02  1.49e+03  6.50e+00 -1.00e+05
2013 02 10  0655   56333  24900   1.62e+01  5.18e-01  8.84e-02  5.31e-02  4.27e-02  2.18e-02  1.53e+03  8.70e+00 -1.00e+05
2013 02 10  0700   56333  25200   1.28e+01  3.57e-01  8.89e-02  5.22e-02  4.18e-02  2.21e-02  1.46e+03  1.05e+01 -1.00e+05
2013 02 10  0705   56333  25500   1.34e+01  5.67e-01  1.61e-01  6.56e-02  5.53e-02  2.59e-02  1.33e+03  6.54e+00 -1.00e+05
2013 02 10  0710   56333  25800   1.33e+01  2.98e-01  8.76e-02  5.15e-02  4.11e-02  2.13e-02  1.32e+03  9.62e+00 -1.00e+05
2013 02 10  0715   56333  26100   1.51e+01  4.24e-01  1.05e-01  6.95e-02  5.92e-02  3.94e-02  1.36e+03  8.21e+00 -1.00e+05
2013 02 10  0720   56333  26400   1.39e+01  5.66e-01  1.99e-01  7.23e-02  6.17e-02  4.19e-02  1.33e+03  8.71e+00 -1.00e+05
2013 02 10  0725   56333  26700   1.40e+01  4.21e-01  1.20e-01  8.30e-02  5.45e-02  2.95e-02  1.30e+03  6.45e+00 -1.00e+05
2013 02 10  0730   56333  27000   1.35e+01  3.89e-01  8.72e-02  5.15e-02  4.11e-02  2.13e-02  1.41e+03  8.26e+00 -1.00e+05
2013 02 10  0735   56333  27300   1.44e+01  4.42e-01  9.03e-02  5.47e-02  4.43e-02  2.45e-02  1.47e+03  1.15e+01 -1.00e+05
2013 02 10  0740   56333  27600   1.65e+01  5.41e-01  1.39e-01  1.03e-01  9.29e-02  3.80e-02  1.45e+03  6.81e+00 -1.00e+05
2013 02 10  0745   56333  27900   1.33e+01  5.37e-01  2.03e-01  8.44e-02  7.40e-02  5.43e-02  1.56e+03  8.75e+00 -1.00e+05
2013 02 10  0750   56333  28200   1.31e+01  3.79e-01  1.13e-01  7.70e-02  6.66e-02  4.68e-02  1.62e+03  7.31e+00 -1.00e+05
2013 02 10  0755   56333  28500   1.61e+01  8.06e-01  1.83e-01  5.15e-02  4.11e-02  2.13e-02  1.61e+03  1.08e+01 -1.00e+05
2013 02 10  0800   56333  28800   1.67e+01  5.23e-01  9.30e-02  5.75e-02  4.25e-02  2.13e-02  1.73e+03  8.26e+00 -1.00e+05
2013 02 10  0805   56333  29100   1.25e+01  4.72e-01  1.72e-01  6.95e-02  5.92e-02  3.94e-02  1.88e+03  1.10e+01 -1.00e+05
2013 02 10  0810   56333  29400   1.48e+01  4.25e-01  1.26e-01  9.02e-02  7.98e-02  5.44e-02  1.94e+03  8.42e+00 -1.00e+05
2013 02 10  0815   56333  29700   1.15e+01  4.65e-01  2.39e-01  1.22e-01  9.19e-02  6.65e-02  2.04e+03  8.28e+00 -1.00e+05
2013 02 10  0820   56333  30000   1.44e+01  6.46e-01  2.13e-01  1.16e-01  1.06e-01  3.94e-02  2.24e+03  5.04e+00 -1.00e+05
2013 02 10  0825   56333  30300   1.55e+01  4.95e-01  1.20e-01  8.44e-02  7.41e-02  3.19e-02  2.42e+03  9.59e+00 -1.00e+05
2013 02 10  0830   56333  30600   1.26e+01  7.74e-01  3.18e-01  1.36e-01  1.26e-01  7.77e-02  2.71e+03  7.94e+00 -1.00e+05
2013 02 10  0835   56333  30900   1.31e+01  6.82e-01  2.39e-01  6.04e-02  5.01e-02  2.81e-02  2.78e+03  1.03e+01 -1.00e+05
2013 02 10  0840   56333  31200   1.32e+01  3.82e-01  1.35e-01  9.93e-02  8.89e-02  6.91e-02  3.04e+03  8.45e+00 -1.00e+05
2013 02 10  0845   56333  31500   1.52e+01  4.98e-01  1.15e-01  7.94e-02  6.91e-02  4.93e-02  3.16e+03  1.09e+01 -1.00e+05
2013 02 10  0850   56333  31800   1.24e+01  3.39e-01  8.84e-02  5.15e-02  4.11e-02  2.13e-02  3.33e+03  1.06e+01 -1.00e+05
2013 02 10  0855   56333  32100   1.40e+01  4.21e-01  1.03e-01  6.71e-02  5.67e-02  3.69e-02  3.59e+03  1.11e+01 -1.00e+05
2013 02 10  0900   56333  32400   1.15e+01  3.53e-01  1.39e-01  1.03e-01  9.30e-02  3.85e-02  3.72e+03  8.34e+00 -1.00e+05
2013 02 10  0905   56333  32700   1.11e+01  3.01e-01  1.12e-01  7.58e-02  6.54e-02  4.31e-02  3.93e+03  1.03e+01 -1.00e+05
2013 02 10  0910   56333  33000   9.23e+00  4.10e-01  2.01e-01  7.61e-02  6.55e-02  4.31e-02  4.07e+03  6.52e+00 -1.00e+05
2013 02 10  0915   56333  33300   1.38e+01  4.45e-01  9.49e-02  5.93e-02  4.90e-02  2.39e-02  4.21e+03  1.08e+01 -1.00e+05
2013 02 10  0920   56333  33600   1.20e+01  3.92e-01  8.82e-02  5.15e-02  4.11e-02  2.13e-02  4.41e+03  1.19e+01 -1.00e+05
2013 02 10  0925   56333  33900   1.37e+01  5.22e-01  1.41e-01  1.06e-01  9.52e-02  6.95e-02  4.55e+03  1.13e+01 -1.00e+05
2013 02 10  0930   56333  34200   9.42e+00  4.54e-01  2.26e-01  5.75e-02  4.25e-02  2.13e-02  4.72e+03  1.01e+01 -1.00e+05
2013 02 10  0935   56333  34500   1.40e+01  4.97e-01  1.30e-01  9.44e-02  7.63e-02  5.43e-02  4.78e+03  8.58e+00 -1.00e+05
2013 02 10  0940   56333  34800   1.32e+01  9.66e-01  4.11e-01  8.58e-02  4.68e-02  2.13e-02  4.88e+03  1.06e+01 -1.00e+05
2013 02 10  0945   56333  35100   1.32e+01  7.28e-01  2.17e-01  6.56e-02  5.53e-02  2.59e-02  4.82e+03  1.22e+01 -1.00e+05
2013 02 10  0950   56333  35400   1.25e+01  3.17e-01  8.75e-02  5.15e-02  4.11e-02  2.13e-02  4.75e+03  9.90e+00 -1.00e+05
2013 02 10  0955   56333  35700   1.10e+01  2.91e-01  1.01e-01  6.40e-02  4.39e-02  2.13e-02  4.64e+03  1.22e+01 -1.00e+05
2013 02 10  1000   56333  36000   1.24e+01  3.46e-01  1.17e-01  8.07e-02  6.55e-02  4.44e-02  4.55e+03  1.10e+01 -1.00e+05
2013 02 10  1005   56333  36300   1.41e+01  4.51e-01  1.27e-01  9.08e-02  8.05e-02  3.45e-02  4.69e+03  9.79e+00 -1.00e+05
2013 02 10  1010   56333  36600   9.46e+00  3.83e-01  2.15e-01  9.43e-02  8.40e-02  6.42e-02  4.75e+03  1.28e+01 -1.00e+05
2013 02 10  1015   56333  36900   1.24e+01  4.01e-01  1.18e-01  8.19e-02  7.16e-02  5.18e-02  4.95e+03  1.04e+01 -1.00e+05
2013 02 10  1020   56333  37200   8.15e+00  1.90e-01  8.98e-02  5.32e-02  4.29e-02  2.24e-02  4.96e+03  1.27e+01 -1.00e+05
2013 02 10  1025   56333  37500   7.94e+00  2.91e-01  1.96e-01  8.19e-02  6.00e-02  3.69e-02  4.99e+03  1.14e+01 -1.00e+05
2013 02 10  1030   56333  37800   8.93e+00  3.38e-01  1.83e-01  8.44e-02  7.40e-02  5.43e-02  5.10e+03  1.28e+01 -1.00e+05
2013 02 10  1035   56333  38100   1.18e+01  3.54e-01  8.73e-02  5.15e-02  4.11e-02  2.13e-02  5.27e+03  1.30e+01 -1.00e+05
2013 02 10  1040   56333  38400   1.12e+01  2.58e-01  8.77e-02  5.15e-02  4.11e-02  2.13e-02  5.39e+03  1.27e+01 -1.00e+05
2013 02 10  1045   56333  38700   1.29e+01  3.36e-01  8.74e-02  5.15e-02  4.11e-02  2.13e-02  5.64e+03  1.39e+01 -1.00e+05
2013 02 10  1050   56333  39000   1.32e+01  3.72e-01  8.73e-02  5.15e-02  4.11e-02  2.13e-02  5.61e+03  1.34e+01 -1.00e+05
2013 02 10  1055   56333  39300   1.24e+01  5.29e-01  1.92e-01  7.04e-02  6.01e-02  4.03e-02  5.77e+03  1.39e+01 -1.00e+05
2013 02 10  1100   56333  39600   1.25e+01  3.55e-01  8.81e-02  5.22e-02  4.18e-02  2.21e-02  5.83e+03  1.21e+01 -1.00e+05
2013 02 10  1105   56333  39900   1.01e+01  3.00e-01  1.48e-01  1.12e-01  1.01e-01  4.78e-02  5.93e+03  1.12e+01 -1.00e+05
2013 02 10  1110   56333  40200   1.22e+01  8.14e-01  3.91e-01  1.36e-01  8.57e-02  3.19e-02  6.21e+03  1.29e+01 -1.00e+05
2013 02 10  1115   56333  40500   1.27e+01  4.79e-01  1.93e-01  7.10e-02  5.96e-02  3.95e-02  6.52e+03  1.30e+01 -1.00e+05
2013 02 10  1120   56333  40800   1.49e+01  4.69e-01  1.54e-01  9.18e-02  8.14e-02  3.81e-02  6.60e+03  1.48e+01 -1.00e+05
2013 02 10  1125   56333  41100   8.04e+00  2.67e-01  1.58e-01  1.05e-01  9.44e-02  4.40e-02  6.33e+03  1.30e+01 -1.00e+05
2013 02 10  1130   56333  41400   1.12e+01  4.77e-01  1.84e-01  5.15e-02  4.11e-02  2.13e-02  6.32e+03  1.44e+01 -1.00e+05
2013 02 10  1135   56333  41700   1.22e+01  2.59e-01  8.94e-02  5.31e-02  4.27e-02  2.18e-02  7.08e+03  1.43e+01 -1.00e+05
2013 02 10  1140   56333  42000   1.77e+01  4.63e-01  1.20e-01  8.44e-02  7.41e-02  3.19e-02  6.34e+03  1.63e+01 -1.00e+05
2013 02 10  1145   56333  42300   1.70e+01  4.02e-01  1.00e-01  6.40e-02  4.39e-02  2.13e-02  6.86e+03  1.68e+01 -1.00e+05
2013 02 10  1150   56333  42600   1.71e+01  3.72e-01  8.73e-02  5.15e-02  4.11e-02  2.13e-02  7.24e+03  1.51e+01 -1.00e+05
2013 02 10  1155   56333  42900   1.57e+01  3.61e-01  9.41e-02  5.80e-02  4.32e-02  2.21e-02  6.84e+03  1.50e+01 -1.00e+05
2013 02 10  1200   56333  43200   1.31e+01  3.31e-01  1.53e-01  1.16e-01  8.61e-02  3.39e-02  7.13e+03  1.44e+01 -1.00e+05
2013 02 10  1205   56333  43500   1.08e+01  2.22e-01  1.02e-01  6.56e-02  5.53e-02  2.59e-02  7.33e+03  1.69e+01 -1.00e+05
2013 02 10  1210   56333  43800   1.36e+01  3.54e-01  1.07e-01  7.05e-02  5.94e-02  3.94e-02  7.01e+03  1.62e+01 -1.00e+05
2013 02 10  1215   56333  44100   1.53e+01  4.02e-01  1.00e-01  6.40e-02  4.39e-02  2.13e-02  7.17e+03  1.65e+01 -1.00e+05
2013 02 10  1220   56333  44400   1.28e+01  3.29e-01  1.47e-01  1.10e-01  1.00e-01  6.60e-02  7.20e+03  1.59e+01 -1.00e+05
2013 02 10  1225   56333  44700   1.23e+01  3.96e-01  1.93e-01  6.42e-02  5.47e-02  3.51e-02  7.30e+03  1.81e+01 -1.00e+05
2013 02 10  1230   56333  45000   1.15e+01  2.23e-01  9.95e-02  6.29e-02  4.77e-02  2.31e-02  7.45e+03  1.54e+01 -1.00e+05
2013 02 10  1235   56333  45300   1.41e+01  3.24e-01  9.42e-02  5.80e-02  4.29e-02  2.16e-02  7.60e+03  1.72e+01 -1.00e+05
2013 02 10  1240   56333  45600   1.23e+01  3.85e-01  1.51e-01  5.07e-02  4.12e-02  2.16e-02  7.75e+03  1.66e+01 -1.00e+05
2013 02 10  1245   56333  45900   1.35e+01  5.44e-01  2.11e-01  6.81e-02  5.86e-02  2.72e-02  7.79e+03  1.59e+01 -1.00e+05
2013 02 10  1250   56333  46200   1.39e+01  5.10e-01  2.17e-01  8.42e-02  4.88e-02  2.16e-02  7.87e+03  1.54e+01 -1.00e+05
2013 02 10  1255   56333  46500   1.02e+01  2.06e-01  1.06e-01  6.92e-02  5.97e-02  4.00e-02  7.83e+03  1.73e+01 -1.00e+05
2013 02 10  1300   56333  46800   8.88e+00  2.25e-01  1.29e-01  5.07e-02  4.12e-02  2.16e-02  8.01e+03  1.94e+01 -1.00e+05
2013 02 10  1305   56333  47100   1.70e+01  7.15e-01  2.51e-01  7.19e-02  4.69e-02  2.27e-02  8.31e+03  1.60e+01 -1.00e+05
2013 02 10  1310   56333  47400   1.72e+01  7.89e-01  3.58e-01  9.60e-02  5.58e-02  3.01e-02  8.72e+03  1.95e+01 -1.00e+05
2013 02 10  1315   56333  47700   1.06e+01  2.48e-01  1.50e-01  9.64e-02  8.69e-02  3.22e-02  8.47e+03  1.98e+01 -1.00e+05
2013 02 10  1320   56333  48000   1.07e+01  2.74e-01  1.58e-01  8.69e-02  7.74e-02  3.32e-02  8.54e+03  1.78e+01 -1.00e+05
2013 02 10  1325   56333  48300   1.53e+01  3.41e-01  1.23e-01  8.69e-02  7.74e-02  3.32e-02  8.71e+03  1.78e+01 -1.00e+05
2013 02 10  1330   56333  48600   1.16e+01  1.88e-01  8.72e-02  5.07e-02  4.12e-02  2.16e-02  8.85e+03  2.16e+01 -1.00e+05
2013 02 10  1335   56333  48900   9.65e+00  2.57e-01  1.81e-01  1.37e-01  1.28e-01  4.93e-02  8.90e+03  1.79e+01 -1.00e+05
2013 02 10  1340   56333  49200   1.75e+01  3.94e-01  1.10e-01  7.41e-02  6.46e-02  4.50e-02  8.95e+03  2.01e+01 -1.00e+05
2013 02 10  1345   56333  49500   1.59e+01  2.57e-01  8.70e-02  5.07e-02  4.12e-02  2.16e-02  9.39e+03  2.30e+01 -1.00e+05
2013 02 10  1350   56333  49800   1.61e+01  4.67e-01  1.66e-01  6.67e-02  5.72e-02  3.76e-02  9.31e+03  2.25e+01 -1.00e+05
2013 02 10  1355   56333  50100   1.62e+01  3.20e-01  1.10e-01  7.41e-02  6.46e-02  4.50e-02  9.37e+03  2.30e+01 -1.00e+05
2013 02 10  1400   56333  50400   1.54e+01  2.57e-01  8.70e-02  5.07e-02  4.12e-02  2.16e-02  9.45e+03  2.06e+01 -1.00e+05
2013 02 10  1405   56333  50700   1.55e+01  3.85e-01  1.51e-01  5.07e-02  4.12e-02  2.16e-02  9.73e+03  2.50e+01 -1.00e+05
2013 02 10  1410   56333  51000   1.87e+01  3.27e-01  9.77e-02  6.17e-02  5.22e-02  3.26e-02  1.00e+04  2.43e+01 -1.00e+05
2013 02 10  1415   56333  51300   1.92e+01  3.46e-01  1.29e-01  9.32e-02  8.37e-02  3.52e-02  1.02e+04  2.52e+01 -1.00e+05
2013 02 10  1420   56333  51600   2.01e+01  5.91e-01  2.20e-01  8.65e-02  4.72e-02  2.16e-02  1.02e+04  2.34e+01 -1.00e+05
2013 02 10  1425   56333  51900   1.10e+01  1.97e-01  1.40e-01  9.94e-02  9.00e-02  3.72e-02  1.01e+04  2.55e+01 -1.00e+05
2013 02 10  1430   56333  52200   1.76e+01  4.90e-01  2.22e-01  1.27e-01  1.17e-01  5.34e-02  1.01e+04  2.26e+01 -1.00e+05
2013 02 10  1435   56333  52500   8.26e+00  1.89e-01  1.64e-01  5.07e-02  4.12e-02  2.16e-02  1.01e+04  2.46e+01 -1.00e+05
2013 02 10  1440   56333  52800   8.12e+00  1.56e-01  1.31e-01  9.67e-02  8.72e-02  6.75e-02  1.01e+04  2.62e+01 -1.00e+05
2013 02 10  1445   56333  53100   1.56e+01  3.88e-01  1.83e-01  5.18e-02  4.23e-02  2.27e-02  1.02e+04  2.35e+01 -1.00e+05
2013 02 10  1450   56333  53400   1.54e+01  4.02e-01  1.97e-01  6.54e-02  4.54e-02  2.27e-02  1.03e+04  2.42e+01 -1.00e+05
2013 02 10  1455   56333  53700   1.55e+01  2.82e-01  1.61e-01  1.25e-01  1.15e-01  4.53e-02  1.04e+04  2.39e+01 -1.00e+05
2013 02 10  1500   56333  54000   1.29e+01  2.68e-01  1.48e-01  9.62e-02  8.67e-02  4.70e-02  1.04e+04  2.48e+01 -1.00e+05
2013 02 10  1505   56333  54300   1.53e+01  2.47e-01  1.22e-01  8.42e-02  4.88e-02  2.16e-02  1.04e+04  2.42e+01 -1.00e+05
2013 02 10  1510   56333  54600   2.11e+01  3.35e-01  8.66e-02  5.07e-02  4.12e-02  2.16e-02  1.09e+04  2.68e+01 -1.00e+05
2013 02 10  1515   56333  54900   2.26e+01  4.11e-01  1.10e-01  7.41e-02  6.46e-02  4.50e-02  1.06e+04  2.76e+01 -1.00e+05
2013 02 10  1520   56333  55200   1.45e+01  2.14e-01  8.78e-02  5.07e-02  4.12e-02  2.16e-02  1.04e+04  2.56e+01 -1.00e+05
2013 02 10  1525   56333  55500   2.22e+01  3.35e-01  8.66e-02  5.07e-02  4.12e-02  2.16e-02  1.09e+04  2.40e+01 -1.00e+05
2013 02 10  1530   56333  55800   2.27e+01  3.54e-01  8.73e-02  5.15e-02  4.14e-02  2.16e-02  1.07e+04  2.92e+01 -1.00e+05
2013 02 10  1535   56333  56100   2.09e+01  2.98e-01  1.08e-01  7.16e-02  6.22e-02  4.25e-02  1.02e+04  2.97e+01 -1.00e+05
2013 02 10  1540   56333  56400   2.52e+01  9.33e-01  2.71e-01  8.72e-02  7.39e-02  3.75e-02  1.06e+04  2.58e+01 -1.00e+05
2013 02 10  1545   56333  56700   1.19e+01  1.37e-01  8.94e-02  5.07e-02  4.12e-02  2.16e-02  1.03e+04  2.88e+01 -1.00e+05
2013 02 10  1550   56333  57000   1.85e+01  5.52e-01  2.18e-01  7.11e-02  4.58e-02  2.16e-02  9.91e+03  2.22e+01 -1.00e+05
2013 02 10  1555   56333  57300   1.50e+01  2.13e-01  8.71e-02  5.07e-02  4.12e-02  2.16e-02  9.94e+03  2.42e+01 -1.00e+05
2013 02 10  1600   56333  57600   1.61e+01  4.84e-01  2.14e-01  6.67e-02  5.72e-02  3.76e-02  9.89e+03  2.80e+01 -1.00e+05
2013 02 10  1605   56333  57900   1.57e+01  4.06e-01  1.75e-01  7.66e-02  6.71e-02  4.75e-02  9.91e+03  2.33e+01 -1.00e+05
2013 02 10  1610   56333  58200   1.86e+01  2.77e-01  8.69e-02  5.07e-02  4.12e-02  2.16e-02  9.94e+03  2.61e+01 -1.00e+05
2013 02 10  1615   56333  58500   2.49e+01  4.54e-01  8.62e-02  5.07e-02  4.12e-02  2.16e-02  1.00e+04  2.67e+01 -1.00e+05
2013 02 10  1620   56333  58800   2.21e+01  4.44e-01  2.01e-01  1.64e-01  1.29e-01  4.73e-02  1.03e+04  2.54e+01 -1.00e+05
2013 02 10  1625   56333  59100   2.62e+01  4.43e-01  1.36e-01  1.01e-01  9.11e-02  4.17e-02  1.04e+04  3.03e+01 -1.00e+05
2013 02 10  1630   56333  59400   1.95e+01  2.35e-01  8.70e-02  5.07e-02  4.12e-02  2.16e-02  1.03e+04  2.88e+01 -1.00e+05
2013 02 10  1635   56333  59700   2.21e+01  2.79e-01  8.75e-02  5.07e-02  4.12e-02  2.16e-02  1.04e+04  2.75e+01 -1.00e+05
2013 02 10  1640   56333  60000   2.49e+01  4.76e-01  1.95e-01  1.58e-01  1.23e-01  4.53e-02  1.04e+04  2.86e+01 -1.00e+05
2013 02 10  1645   56333  60300   1.99e+01  3.28e-01  1.57e-01  1.21e-01  1.11e-01  5.33e-02  1.02e+04  2.79e+01 -1.00e+05
2013 02 10  1650   56333  60600   2.29e+01  5.55e-01  1.83e-01  5.15e-02  4.14e-02  2.16e-02  1.00e+04  3.09e+01 -1.00e+05
2013 02 10  1655   56333  60900   1.72e+01  2.52e-01  1.05e-01  6.89e-02  5.94e-02  3.98e-02  9.91e+03  2.88e+01 -1.00e+05
2013 02 10  1700   56333  61200   1.47e+01  1.88e-01  8.72e-02  5.07e-02  4.12e-02  2.16e-02  9.82e+03  2.75e+01 -1.00e+05
2013 02 10  1705   56333  61500   1.89e+01  2.90e-01  1.00e-01  6.42e-02  5.47e-02  3.51e-02  9.85e+03  2.76e+01 -1.00e+05
2013 02 10  1710   56333  61800   2.12e+01  3.71e-01  1.05e-01  6.92e-02  5.97e-02  4.00e-02  9.78e+03  2.69e+01 -1.00e+05
2013 02 10  1715   56333  62100   9.08e+00  2.90e-01  2.66e-01  1.37e-01  1.28e-01  4.93e-02  9.59e+03  2.56e+01 -1.00e+05
2013 02 10  1720   56333  62400   1.58e+01  2.36e-01  8.82e-02  5.18e-02  4.23e-02  2.27e-02  9.11e+03  2.64e+01 -1.00e+05
2013 02 10  1725   56333  62700   1.31e+01  2.40e-01  1.40e-01  1.01e-01  5.34e-02  2.58e-02  8.91e+03  2.25e+01 -1.00e+05
2013 02 10  1730   56333  63000   1.97e+01  3.96e-01  9.40e-02  5.80e-02  4.29e-02  2.16e-02  8.91e+03  2.53e+01 -1.00e+05
2013 02 10  1735   56333  63300   9.27e+00  2.99e-01  2.53e-01  9.46e-02  6.92e-02  4.50e-02  8.91e+03  2.53e+01 -1.00e+05
2013 02 10  1740   56333  63600   7.85e+00  1.87e-01  1.63e-01  6.46e-02  4.43e-02  2.16e-02  8.66e+03  2.13e+01 -1.00e+05
2013 02 10  1745   56333  63900   1.39e+01  2.63e-01  1.15e-01  7.77e-02  4.73e-02  2.16e-02  8.49e+03  2.09e+01 -1.00e+05
2013 02 10  1750   56333  64200   7.31e+00  1.21e-01  9.64e-02  6.17e-02  5.22e-02  3.26e-02  8.34e+03  2.31e+01 -1.00e+05
2013 02 10  1755   56333  64500   1.15e+01  3.56e-01  1.82e-01  5.07e-02  4.12e-02  2.16e-02  7.99e+03  2.13e+01 -1.00e+05
2013 02 10  1800   56333  64800   6.19e+00  1.62e-01  1.37e-01  1.03e-01  9.33e-02  7.27e-02  7.82e+03  2.20e+01 -1.00e+05
2013 02 10  1805   56333  65100   9.81e+00  2.16e-01  1.16e-01  7.91e-02  6.96e-02  4.99e-02  7.73e+03  2.07e+01 -1.00e+05
2013 02 10  1810   56333  65400   1.06e+01  2.35e-01  1.11e-01  7.41e-02  6.46e-02  4.50e-02  7.62e+03  2.18e+01 -1.00e+05
2013 02 10  1815   56333  65700   1.08e+01  3.08e-01  1.40e-01  1.04e-01  9.44e-02  7.47e-02  7.42e+03  2.08e+01 -1.00e+05
2013 02 10  1820   56333  66000   7.19e+00  1.95e-01  9.87e-02  5.07e-02  4.12e-02  2.16e-02  7.09e+03  1.99e+01 -1.00e+05
2013 02 10  1825   56333  66300   8.27e+00  2.44e-01  1.20e-01  8.33e-02  6.86e-02  4.75e-02  6.83e+03  1.79e+01 -1.00e+05
2013 02 10  1830   56333  66600   8.37e+00  3.07e-01  1.75e-01  1.38e-01  1.05e-01  4.92e-02  6.80e+03  1.65e+01 -1.00e+05
2013 02 10  1835   56333  66900   7.52e+00  3.58e-01  1.87e-01  6.67e-02  5.72e-02  3.76e-02  6.78e+03  1.85e+01 -1.00e+05
2013 02 10  1840   56333  67200   7.54e+00  2.15e-01  8.86e-02  5.15e-02  4.14e-02  2.16e-02  6.63e+03  1.66e+01 -1.00e+05
2013 02 10  1845   56333  67500   4.78e+00  1.93e-01  1.46e-01  5.80e-02  4.29e-02  2.16e-02  6.55e+03  1.84e+01 -1.00e+05
2013 02 10  1850   56333  67800   6.12e+00  2.25e-01  1.31e-01  8.40e-02  7.45e-02  5.49e-02  6.49e+03  1.47e+01 -1.00e+05
2013 02 10  1855   56333  68100   9.34e+00  3.33e-01  1.11e-01  7.46e-02  6.51e-02  3.00e-02  6.54e+03  1.84e+01 -1.00e+05
2013 02 10  1900   56333  68400   6.88e+00  1.89e-01  8.79e-02  5.07e-02  4.12e-02  2.16e-02  6.49e+03  1.87e+01 -1.00e+05
2013 02 10  1905   56333  68700   5.20e+00  2.14e-01  1.19e-01  7.16e-02  6.22e-02  4.25e-02  6.19e+03  1.95e+01 -1.00e+05
2013 02 10  1910   56333  69000   6.94e+00  3.13e-01  1.22e-01  8.48e-02  4.72e-02  2.16e-02  6.08e+03  1.41e+01 -1.00e+05
2013 02 10  1915   56333  69300   5.08e+00  2.42e-01  1.46e-01  9.73e-02  5.17e-02  2.16e-02  6.11e+03  1.46e+01 -1.00e+05
2013 02 10  1920   56333  69600   5.89e+00  1.88e-01  8.72e-02  5.07e-02  4.12e-02  2.16e-02  6.09e+03  1.71e+01 -1.00e+05
2013 02 10  1925   56333  69900   5.72e+00  2.58e-01  1.34e-01  9.70e-02  7.94e-02  5.74e-02  6.06e+03  1.76e+01 -1.00e+05
2013 02 10  1930   56333  70200   6.97e+00  5.30e-01  2.25e-01  7.88e-02  6.93e-02  4.65e-02  5.83e+03  1.39e+01 -1.00e+05
2013 02 10  1935   56333  70500   5.07e+00  2.92e-01  1.88e-01  1.39e-01  1.29e-01  7.74e-02  5.82e+03  1.51e+01 -1.00e+05
